0	0.0044124017	5.6798491	18.608882
0.64	0.0044517721	5.6798369	18.608812
1.28	0.0044867429	5.6798748	18.608941
1.92	0.0045189243	5.6799313	18.609099
2.56	0.004569103	5.6799527	18.609069
3.2	0.0045850224	5.6799589	18.609149
3.84	0.0045391456	5.67997	18.609187
4.48	0.0045507813	5.6798819	18.609001
5.12	0.0044631726	5.6798809	18.608938
5.76	0.0044198826	5.6798594	18.608893
6.4	0.0044260693	5.6798364	18.608762
7.04	0.0044436671	5.6798556	18.608888
7.68	0.0044454268	5.6799305	18.609111
8.32	0.0045553516	5.6799079	18.609045
8.96	0.0045583572	5.6799697	18.609218
9.6	0.0045577223	5.679985	18.609206
10.24	0.0045382789	5.6799621	18.609164
10.88	0.0045208927	5.6798971	18.609057
11.52	0.0044711201	5.6798593	18.608923
12.16	0.0044143704	5.6798575	18.608853
12.8	0.0044461005	5.6798175	18.608805
13.44	0.0044389561	5.6798696	18.608935
14.08	0.0044897863	5.679901	18.609054
14.72	0.0045463325	5.6799319	18.609093
15.36	0.0045581244	5.6799767	18.609233
16	0.00457199	5.6799674	18.609214
16.64	0.0045447143	5.6799438	18.609089
17.28	0.0044688607	5.6799338	18.609104
17.92	0.0044993936	5.6798192	18.60888
18.56	0.004422766	5.6798436	18.60879
19.2	0.0044421384	5.6798253	18.608805
19.84	0.0044638287	5.6798567	18.608883
20.48	0.0044581823	5.6799481	18.609159
21.12	0.0045513705	5.6799401	18.609172
21.76	0.0045751802	5.6799662	18.609247
22.4	0.0045499636	5.6799853	18.609224
23.04	0.0044903723	5.679985	18.609229
23.68	0.0045115461	5.6798756	18.608946
24.32	0.004443351	5.6798622	18.608892
24.96	0.0044173724	5.6798444	18.608818
25.6	0.004449174	5.6798233	18.60882
26.24	0.0044264977	5.6799072	18.60901
26.88	0.004523326	5.6798993	18.609008
27.52	0.0045656702	5.6799374	18.60916
28.16	0.0045604243	5.6799828	18.609248
28.8	0.0045717955	5.6799568	18.60919
29.44	0.0045340696	5.6799289	18.609045
30.08	0.0044531684	5.6799192	18.609061
30.72	0.0044470256	5.6798475	18.608882
31.36	0.0044329788	5.6798267	18.608767
32	0.0043998901	5.6798805	18.608952
32.64	0.0044303507	5.6799178	18.609051
33.28	0.0045128389	5.6799255	18.609059
33.92	0.0045475671	5.6799653	18.60921
34.56	0.0046060624	5.6799383	18.609131
35.2	0.0045451891	5.6799732	18.609204
35.84	0.0045187245	5.6799293	18.609016
36.48	0.0044682342	5.679891	18.608997
37.12	0.0044428885	5.679845	18.608913
37.76	0.0043896585	5.6798706	18.608944
38.4	0.0044484596	5.6798402	18.60887
39.04	0.0044780977	5.6798834	18.609022
39.68	0.0045181396	5.6799327	18.60909
40.32	0.0045551514	5.6799661	18.609178
40.96	0.0045574829	5.6799862	18.609199
41.6	0.0045667337	5.6799423	18.609209
42.24	0.0045021571	5.6799302	18.609143
42.88	0.0044366134	5.6799084	18.608992
43.52	0.0044006548	5.6798797	18.608965
44.16	0.0043966458	5.6798665	18.608993
44.8	0.0044539812	5.6798448	18.608844
45.44	0.0044714809	5.6799043	18.609045
46.08	0.0045200155	5.6799438	18.609072
46.72	0.0045231103	5.6800041	18.609326
47.36	0.0045863853	5.6799545	18.609199
48	0.0045543259	5.6799455	18.609088
48.64	0.0045310277	5.6798894	18.609007
49.28	0.0044815462	5.6798515	18.608877
49.92	0.0044491287	5.6798234	18.608766
50.56	0.0044369074	5.6798262	18.608811
51.2	0.0044448247	5.6798636	18.608844
51.84	0.0044684082	5.6799218	18.609076
52.48	0.0045189122	5.6799598	18.60915
53.12	0.0045466651	5.6799884	18.609255
53.76	0.0045545272	5.6799844	18.609276
54.4	0.0045548527	5.6799321	18.609014
55.04	0.0044734646	5.67993	18.609141
55.68	0.0044724006	5.6798472	18.608766
56.32	0.0043827308	5.6798849	18.608957
56.96	0.0044063676	5.6798613	18.608901
57.6	0.004431537	5.6798885	18.608951
58.24	0.0045238196	5.6798816	18.608967
58.88	0.0045077218	5.6799825	18.609197
59.52	0.0045831794	5.6799572	18.609108
60.16	0.0045687746	5.6799655	18.60921
60.8	0.0045392799	5.6799358	18.609032
61.44	0.0045128972	5.679875	18.608917
62.08	0.0044316556	5.6798755	18.608957
62.72	0.0044338469	5.6798295	18.608842
63.36	0.0044240503	5.6798502	18.60881
64	0.0044570732	5.6798769	18.60897
64.64	0.0044808947	5.6799413	18.609204
65.28	0.0045564604	5.679946	18.609128
65.92	0.0045266285	5.6800152	18.609304
66.56	0.0045327552	5.679993	18.609301
67.2	0.0045303711	5.6799299	18.609123
67.84	0.0044375365	5.679935	18.609077
68.48	0.0044389585	5.6798583	18.608866
69.12	0.0044000937	5.679863	18.608958
69.76	0.0044593284	5.6798227	18.60879
70.4	0.0044676836	5.6798799	18.608983
71.04	0.0045167934	5.6799186	18.609023
71.68	0.0045318852	5.679979	18.609214
72.32	0.0045238875	5.6800182	18.60935
72.96	0.0045237355	5.6799948	18.60927
73.6	0.0045226292	5.679926	18.609122
74.24	0.00446099	5.6798993	18.608926
74.88	0.0044058402	5.6798831	18.608916
75.52	0.0044430796	5.6798182	18.608799
76.16	0.004426125	5.6798623	18.608904
76.8	0.0044940816	5.679866	18.608947
77.44	0.0044979553	5.6799513	18.609104
78.08	0.0045300154	5.6799903	18.609301
78.72	0.0045667265	5.6799775	18.609108
79.36	0.004557478	5.6799533	18.609185
80	0.0045163084	5.679918	18.609061
80.64	0.0044864092	5.6798597	18.608933
81.28	0.0044484765	5.6798318	18.608816
81.92	0.0044132588	5.6798495	18.608844
82.56	0.0044014671	5.6798983	18.609014
83.2	0.0044690484	5.6799073	18.609013
83.84	0.0045232162	5.6799405	18.609103
84.48	0.0045368258	5.6799905	18.609189
85.12	0.0045798753	5.6799613	18.60916
85.76	0.004553519	5.6799447	18.609132
86.4	0.0045033094	5.6799141	18.608991
87.04	0.0044037595	5.679928	18.609109
87.68	0.0044004939	5.6798738	18.608942
88.32	0.0044165593	5.6798488	18.608877
88.96	0.0043966448	5.6799138	18.609064
89.6	0.0044769022	5.6799159	18.609083
90.24	0.004535681	5.6799419	18.609115
90.88	0.0045669446	5.6799662	18.609212
91.52	0.0045539038	5.6799832	18.609204
92.16	0.004541115	5.6799451	18.609145
92.8	0.0045083564	5.6798943	18.608947
93.44	0.0044630007	5.6798561	18.608878
94.08	0.004401604	5.6798661	18.608989
94.72	0.0044232094	5.6798466	18.608805
95.36	0.004453341	5.6798678	18.608894
96	0.0045235995	5.6798824	18.608905
96.64	0.0045062437	5.6799833	18.609219
97.28	0.0045307825	5.6800071	18.60932
97.92	0.0045450176	5.679988	18.609212
98.56	0.0045190838	5.6799549	18.609052
99.2	0.0045014001	5.6798862	18.609012
99.84	0.0044656568	5.6798418	18.608918
100.48	0.0044423063	5.6798226	18.608783
101.12	0.0044324492	5.6798431	18.608817
101.76	0.0044516595	5.6798835	18.608901
102.4	0.0045333284	5.6798899	18.608962
103.04	0.0045494528	5.6799513	18.609054
103.68	0.0045628398	5.6799767	18.609153
104.32	0.004541478	5.6799823	18.609252
104.96	0.0045207913	5.6799392	18.609134
105.6	0.004513547	5.6798594	18.608877
106.24	0.0044282554	5.6798701	18.609015
106.88	0.0044461462	5.6798171	18.608834
107.52	0.0044071003	5.6798748	18.608956
108.16	0.0044396837	5.6799088	18.609016
108.8	0.0045085117	5.6799284	18.60911
109.44	0.0045296615	5.6799835	18.609277
110.08	0.0045746627	5.6799702	18.609298
110.72	0.0045732027	5.6799452	18.609065
111.36	0.0045148202	5.6799311	18.609112
112	0.0044771256	5.6798793	18.608891
112.64	0.004413979	5.6798718	18.608864
113.28	0.0044309783	5.6798285	18.608825
113.92	0.0044254478	5.6798635	18.608919
114.56	0.0044600514	5.6799035	18.609063
115.2	0.0045094863	5.6799436	18.609165
115.84	0.0045449797	5.6799776	18.609203
116.48	0.0045806623	5.6799629	18.60919
117.12	0.0045549592	5.6799537	18.609086
117.76	0.0045104963	5.6799214	18.609094
118.4	0.0044468286	5.6798971	18.608983
119.04	0.0044245256	5.6798537	18.608853
119.68	0.004411453	5.6798502	18.608906
120.32	0.0044803057	5.6798194	18.608794
120.96	0.0044772255	5.6798994	18.609042
121.6	0.0045529562	5.6799124	18.609042
122.24	0.0045547853	5.6799751	18.609138
122.88	0.0045240482	5.6800182	18.609329
123.52	0.004537567	5.6799611	18.609236
124.16	0.0045246702	5.6798926	18.608972
124.8	0.0044562339	5.6798736	18.608959
125.44	0.0044150445	5.6798559	18.608981
126.08	0.0044101475	5.6798533	18.608811
126.72	0.004428692	5.6798814	18.608964
127.36	0.0044927086	5.6799005	18.608988
128	0.0044933091	5.6799859	18.609223
128.64	0.0045742644	5.6799611	18.60912
129.28	0.0045339218	5.6800044	18.609268
129.92	0.0045281922	5.6799599	18.609181
130.56	0.0044784487	5.6799236	18.6091
131.2	0.0044393703	5.6798779	18.608941
131.84	0.0044502426	5.6798174	18.608787
132.48	0.0043845894	5.6798837	18.60892
133.12	0.0044303332	5.679891	18.609065
133.76	0.0045302498	5.6798766	18.608939
134.4	0.0045489317	5.6799431	18.609085
135.04	0.004543655	5.6799964	18.609284
135.68	0.0045621497	5.6799712	18.609213
136.32	0.0045430265	5.6799322	18.609097
136.96	0.0044926695	5.6798945	18.609038
137.6	0.0044542764	5.6798517	18.6089
138.24	0.0044322254	5.6798307	18.608837
138.88	0.004444617	5.6798305	18.608786
139.52	0.004439671	5.6798954	18.608989
140.16	0.0044951234	5.6799262	18.609078
140.8	0.0045423578	5.6799598	18.609094
141.44	0.0045897868	5.6799527	18.60918
142.08	0.0045248706	5.6800011	18.609279
142.72	0.0045281328	5.6799338	18.609009
143.36	0.0044713852	5.6799014	18.609043
144	0.0044617994	5.6798352	18.608852
144.64	0.0044326803	5.6798291	18.608788
145.28	0.0044128376	5.6798685	18.608885
145.92	0.0044535559	5.6798945	18.609009
146.56	0.0044981431	5.6799382	18.609098
147.2	0.0045359027	5.6799756	18.609247
147.84	0.0045762759	5.6799674	18.609193
148.48	0.0045483754	5.6799703	18.609175
149.12	0.0045136879	5.6799335	18.609101
149.76	0.004458634	5.6798994	18.60902
150.4	0.0044671637	5.6798207	18.608758
151.04	0.0043932863	5.679869	18.608929
151.68	0.0044292538	5.6798621	18.608944
152.32	0.0044802027	5.6798833	18.609054
152.96	0.0044931562	5.6799585	18.609203
153.6	0.0045430587	5.6799779	18.609294
154.24	0.0045217493	5.6800209	18.60933
154.88	0.0045511181	5.6799557	18.609151
155.52	0.0044663934	5.6799648	18.609101
156.16	0.0044472459	5.6798959	18.609058
156.8	0.0044021564	5.6798755	18.609
157.44	0.0044312695	5.6798317	18.608854
158.08	0.0044596777	5.6798416	18.608819
158.72	0.0044944081	5.679884	18.609031
159.36	0.0045313559	5.6799349	18.609045
160	0.0045210289	5.6800087	18.60931
160.64	0.0045736192	5.6799678	18.609263
161.28	0.0045400345	5.6799568	18.609182
161.92	0.0045332556	5.679883	18.608921
162.56	0.0044866687	5.6798427	18.608825
163.2	0.0044523819	5.6798185	18.608764
163.84	0.0044404493	5.6798243	18.60884
164.48	0.0044625997	5.6798494	18.608812
165.12	0.0045100759	5.6798846	18.608974
165.76	0.0045255967	5.6799542	18.609153
166.4	0.0045594735	5.6799748	18.609224
167.04	0.0045749426	5.6799622	18.609238
167.68	0.0045214278	5.679963	18.60922
168.32	0.0044828701	5.6799174	18.609109
168.96	0.0044199661	5.6798979	18.609032
169.6	0.0044273507	5.6798415	18.608855
170.24	0.0044371972	5.6798343	18.60884
170.88	0.0044572097	5.6798679	18.608921
171.52	0.0045114415	5.6798982	18.608948
172.16	0.0045617451	5.6799293	18.609087
172.8	0.0045738971	5.6799633	18.60922
173.44	0.0045576463	5.6799722	18.609289
174.08	0.0045317617	5.67994	18.60909
174.72	0.0045064045	5.6798791	18.608941
175.36	0.0044577893	5.6798486	18.608871
176	0.0044367548	5.6798287	18.608794
176.64	0.0044184246	5.6798581	18.608938
177.28	0.0044832247	5.679854	18.608904
177.92	0.004497998	5.6799265	18.609045
178.56	0.0045176866	5.6799857	18.609241
179.2	0.0045546937	5.6799879	18.609247
179.84	0.0045468832	5.6799784	18.609248
180.48	0.0045088044	5.679951	18.609225
181.12	0.0044926522	5.6798779	18.608914
181.76	0.0044346052	5.6798597	18.60893
182.4	0.0044133035	5.6798473	18.608869
183.04	0.0044373005	5.6798451	18.608887
183.68	0.0045002686	5.6798498	18.608846
184.32	0.004530035	5.6799093	18.609105
184.96	0.0045488809	5.6799651	18.609138
185.6	0.0045511098	5.6799925	18.609275
186.24	0.004508388	5.6800079	18.609321
186.88	0.0045487388	5.6798953	18.609022
187.52	0.0044687692	5.6798872	18.608994
188.16	0.0044397619	5.6798468	18.608875
188.8	0.0044317169	5.6798303	18.608825
189.44	0.004490854	5.6798021	18.608827
190.08	0.0045054782	5.6798609	18.608925
190.72	0.004547919	5.6799066	18.609006
191.36	0.0045672035	5.6799543	18.609142
192	0.0045140844	5.6800264	18.609309
192.64	0.0045328422	5.6799726	18.609211
193.28	0.0045295891	5.6799001	18.609094
193.92	0.0044399822	5.6799025	18.608992
194.56	0.0044483829	5.6798306	18.608798
195.2	0.0044220964	5.6798416	18.608899
195.84	0.0044347656	5.6798681	18.608951
196.48	0.0044665139	5.679913	18.609117
197.12	0.0044952651	5.6799722	18.609202
197.76	0.0045635632	5.6799665	18.6092
198.4	0.0045720998	5.679968	18.609202
199.04	0.0045783468	5.6799166	18.609011
199.68	0.0044953089	5.679918	18.609064
200.32	0.0044582324	5.6798707	18.608942
200.96	0.0044233102	5.679849	18.608907
201.6	0.0044062238	5.6798594	18.60891
202.24	0.0044386401	5.6798736	18.608957
202.88	0.004511289	5.6798848	18.608949
203.52	0.0045078964	5.6799735	18.609174
204.16	0.0045302194	5.6800048	18.609321
204.8	0.004572783	5.6799625	18.609143
205.44	0.0045482066	5.6799346	18.60918
206.08	0.0044867008	5.6799116	18.60905
206.72	0.0044599362	5.6798563	18.608812
207.36	0.004421127	5.6798464	18.608847
208	0.0044241949	5.6798468	18.608893
208.64	0.0044772495	5.6798486	18.608833
209.28	0.0044820775	5.6799298	18.609088
209.92	0.004540158	5.6799527	18.609141
210.56	0.0045538975	5.6799848	18.609268
211.2	0.0045415928	5.6799884	18.60919
211.84	0.0045323241	5.6799372	18.609072
212.48	0.004464503	5.6799189	18.609051
213.12	0.0044480422	5.6798575	18.608901
213.76	0.0043931768	5.6798718	18.608974
214.4	0.0044631783	5.679814	18.608722
215.04	0.0044307828	5.6799073	18.609032
215.68	0.0044687024	5.6799568	18.609134
216.32	0.0045233001	5.6799804	18.609167
216.96	0.0045608805	5.6799801	18.609149
217.6	0.0045653972	5.6799575	18.609185
218.24	0.0045240827	5.6799323	18.609067
218.88	0.0044817801	5.6798869	18.60893
219.52	0.0044322372	5.6798627	18.608957
220.16	0.0044334522	5.6798301	18.608819
220.8	0.0044286517	5.6798565	18.608857
221.44	0.004523222	5.6798285	18.608767
222.08	0.0044962458	5.6799437	18.609191
222.72	0.0045460683	5.6799672	18.609152
223.36	0.0046186877	5.6799233	18.609079
224	0.0045619964	5.6799538	18.609061
224.64	0.0045321976	5.6799121	18.609012
225.28	0.0044294187	5.6799254	18.609021
225.92	0.0044333241	5.6798518	18.608885
226.56	0.0044033644	5.6798575	18.608889
227.2	0.0044286985	5.6798634	18.608935
227.84	0.0044996276	5.6798669	18.608921
228.48	0.004541033	5.6799135	18.609031
229.12	0.004515234	5.6800073	18.609231
229.76	0.0045710191	5.6799716	18.609285
230.4	0.0045591795	5.6799461	18.609129
231.04	0.0045179089	5.679911	18.608997
231.68	0.0044753459	5.6798664	18.60888
232.32	0.0044618447	5.6798164	18.608762
232.96	0.0044066374	5.6798561	18.608946
233.6	0.0044132616	5.6798894	18.608957
234.24	0.0044855098	5.6798956	18.609039
234.88	0.004513645	5.6799542	18.609167
235.52	0.004578541	5.6799513	18.609195
236.16	0.0045358388	5.6800041	18.609296
236.8	0.0045290474	5.6799652	18.609181
237.44	0.0044879096	5.6799251	18.609126
238.08	0.0044604132	5.6798669	18.608851
238.72	0.0043947651	5.6798765	18.608959
239.36	0.0044421707	5.6798243	18.608786
240	0.0044655965	5.6798485	18.608874
240.64	0.0044769067	5.6799195	18.609076
241.28	0.0045639746	5.6799178	18.609087
241.92	0.004549777	5.6799851	18.609177
242.56	0.0045554977	5.6799791	18.609255
243.2	0.0045236704	5.6799589	18.609202
243.84	0.0044909488	5.6799069	18.609007
244.48	0.0044432126	5.6798719	18.608889
245.12	0.0044077597	5.6798592	18.608843
245.76	0.0044105338	5.6798607	18.608924
246.4	0.0044585346	5.6798671	18.608934
247.04	0.0045014934	5.6799112	18.609121
247.68	0.0045615529	5.6799327	18.609168
248.32	0.0045703432	5.6799689	18.609183
248.96	0.0045460282	5.679983	18.609254
249.6	0.004514098	5.679954	18.609135
250.24	0.004496477	5.6798864	18.608965
250.88	0.0044587745	5.6798457	18.608878
251.52	0.0044245829	5.6798402	18.608774
252.16	0.0043968362	5.6798804	18.608945
252.8	0.0044438325	5.6798954	18.609017
253.44	0.0045362445	5.6798905	18.608968
254.08	0.0045553444	5.6799483	18.609151
254.72	0.0045924136	5.6799485	18.609149
255.36	0.004577391	5.6799449	18.609096
256	0.0045364434	5.67992	18.609149
256.64	0.0044969908	5.6798718	18.608987
257.28	0.0044227822	5.679872	18.608889
257.92	0.0044122526	5.6798514	18.608808
258.56	0.0044338673	5.6798506	18.608814
259.2	0.0044317021	5.6799205	18.609095
259.84	0.0044839927	5.6799566	18.609137
260.48	0.0045117319	5.6800018	18.609258
261.12	0.0045887212	5.6799533	18.609093
261.76	0.0045242516	5.6799894	18.609224
262.4	0.0045200034	5.6799218	18.608917
263.04	0.0044819239	5.6798728	18.608997
263.68	0.0044332137	5.6798526	18.608916
264.32	0.0044570144	5.6798054	18.60876
264.96	0.004455427	5.6798382	18.608896
265.6	0.0044341883	5.6799327	18.609091
266.24	0.0045437907	5.6799118	18.608939
266.88	0.0045724908	5.6799508	18.609078
267.52	0.0045644497	5.6799767	18.609211
268.16	0.0045649411	5.6799386	18.609103
268.8	0.0044811313	5.6799455	18.609116
269.44	0.0044462936	5.679894	18.608976
270.08	0.0044512283	5.6798275	18.608829
270.72	0.004447716	5.6798165	18.608719
271.36	0.0043978058	5.6799053	18.608997
272	0.0044885432	5.6798926	18.609015
272.64	0.0045242323	5.6799454	18.609201
273.28	0.0045285472	5.680001	18.60923
273.92	0.0045544171	5.6799844	18.609227
274.56	0.0045745422	5.6799189	18.609041
275.2	0.0045044139	5.6799078	18.608976
275.84	0.0044296434	5.6798976	18.608976
276.48	0.0044000763	5.6798722	18.608952
277.12	0.0044404749	5.679827	18.608862
277.76	0.0044735007	5.6798419	18.608774
278.4	0.00446167	5.6799355	18.609017
279.04	0.0045482122	5.679934	18.609128
279.68	0.0045741682	5.6799593	18.609124
280.32	0.0045445382	5.679989	18.609285
280.96	0.0045489129	5.6799332	18.609095
281.6	0.0045250362	5.6798732	18.608984
282.24	0.0044796886	5.6798362	18.608864
282.88	0.0044080784	5.6798599	18.608866
283.52	0.0044563385	5.6798159	18.608765
284.16	0.0044355487	5.6798907	18.608976
284.8	0.0044860656	5.6799247	18.609047
285.44	0.0044699412	5.6800224	18.609384
286.08	0.0045847779	5.6799538	18.609112
286.72	0.0045577844	5.6799716	18.609207
287.36	0.0045336847	5.679936	18.609119
288	0.0044949079	5.6798891	18.608958
288.64	0.0044649443	5.6798412	18.608862
289.28	0.0044237164	5.679841	18.608756
289.92	0.0044537765	5.6798227	18.608765
290.56	0.0044567278	5.6798817	18.608979
291.2	0.0045292039	5.6798958	18.608997
291.84	0.0045370925	5.6799662	18.60925
292.48	0.004552566	5.6799887	18.60922
293.12	0.00457173	5.679952	18.609159
293.76	0.0045251923	5.6799321	18.60916
294.4	0.004485296	5.6798839	18.608938
295.04	0.0044671519	5.6798278	18.608846
295.68	0.0044244081	5.6798376	18.608841
296.32	0.0044093182	5.6798745	18.608985
296.96	0.0044987631	5.6798526	18.608833
297.6	0.0045155641	5.6799258	18.609109
298.24	0.0045376204	5.6799767	18.609191
298.88	0.0045471607	5.6799964	18.60925
299.52	0.0045586987	5.6799574	18.609135
300.16	0.0045298185	5.6799132	18.608957
300.8	0.0044903502	5.6798637	18.608921
301.44	0.0044340555	5.6798507	18.608898
302.08	0.0044035288	5.6798573	18.608876
302.72	0.0044236315	5.6798674	18.608904
303.36	0.0044541968	5.6799118	18.609064
304	0.0045250888	5.6799312	18.609116
304.64	0.0045341622	5.6799897	18.609216
305.28	0.0045675233	5.6799754	18.60919
305.92	0.0045271291	5.6799783	18.609197
306.56	0.0045010062	5.6799262	18.609093
307.2	0.0044636834	5.679876	18.608913
307.84	0.0044134594	5.6798631	18.608902
308.48	0.0043969867	5.679866	18.608916
309.12	0.004416012	5.6798874	18.608964
309.76	0.0044694296	5.6799136	18.60899
310.4	0.0045259368	5.6799447	18.609116
311.04	0.0045676486	5.6799627	18.609198
311.68	0.0045682453	5.6799696	18.609166
312.32	0.0045405825	5.6799525	18.609079
312.96	0.004500369	5.6799119	18.609068
313.6	0.0044583938	5.6798687	18.608903
314.24	0.0044246152	5.6798474	18.608929
314.88	0.0044217635	5.6798456	18.608851
315.52	0.0044619164	5.6798541	18.608856
316.16	0.0044821307	5.679915	18.609099
316.8	0.0045627206	5.6799184	18.609001
317.44	0.0045491163	5.6799848	18.60923
318.08	0.0044794807	5.6800549	18.609419
318.72	0.004519486	5.6799621	18.609152
319.36	0.0044794889	5.6799183	18.609078
320	0.0044436432	5.6798727	18.608912
320.64	0.004439734	5.6798286	18.608804
321.28	0.0044286958	5.6798437	18.608833
321.92	0.0044346776	5.6798917	18.608996
322.56	0.0044861845	5.6799255	18.609083
323.2	0.0045384418	5.6799536	18.609215
323.84	0.0045583185	5.6799794	18.60919
324.48	0.0045102617	5.6800193	18.609323
325.12	0.0045388058	5.6799315	18.60912
325.76	0.0044624098	5.6799209	18.609065
326.4	0.004421525	5.6798836	18.608961
327.04	0.0044184691	5.679845	18.608858
327.68	0.0044109798	5.6798656	18.608926
328.32	0.0044712624	5.6798676	18.608906
328.96	0.0044990612	5.6799273	18.609064
329.6	0.0045288433	5.6799758	18.60921
330.24	0.0045853578	5.6799575	18.609112
330.88	0.0045312569	5.6799923	18.609263
331.52	0.0045222768	5.679934	18.609107
332.16	0.0044909724	5.6798774	18.608949
332.8	0.0044261899	5.6798668	18.608953
333.44	0.0044386805	5.6798226	18.608838
334.08	0.0044302806	5.6798536	18.608903
334.72	0.0044538718	5.6798979	18.608937
335.36	0.0044902415	5.6799517	18.609151
336	0.0045900679	5.6799253	18.609059
336.64	0.0045888943	5.6799549	18.609223
337.28	0.004505284	5.6800097	18.609305
337.92	0.0044845548	5.679957	18.609074
338.56	0.0044843158	5.6798689	18.608967
339.2	0.0044524818	5.6798317	18.608807
339.84	0.0044172426	5.6798445	18.608815
340.48	0.0044428793	5.6798497	18.608942
341.12	0.0044966568	5.6798703	18.608915
341.76	0.0045075365	5.6799485	18.609149
342.4	0.0045831316	5.6799408	18.609051
343.04	0.0045419816	5.6800005	18.60929
343.68	0.0045336832	5.6799709	18.60923
344.32	0.0045220523	5.6799049	18.608956
344.96	0.0044304789	5.6799086	18.609033
345.6	0.0043905793	5.679886	18.608946
346.24	0.0044022978	5.6798613	18.608883
346.88	0.0044724927	5.6798305	18.608784
347.52	0.0044791868	5.6799041	18.609009
348.16	0.0045310365	5.679939	18.60913
348.8	0.0045512116	5.679979	18.609263
349.44	0.0045500339	5.6799899	18.609261
350.08	0.0045674376	5.6799267	18.609037
350.72	0.0045018652	5.6799092	18.60893
351.36	0.0044704272	5.6798563	18.60888
352	0.0044681564	5.6798031	18.608787
352.64	0.0043984266	5.679868	18.608916
353.28	0.0044659171	5.6798483	18.608909
353.92	0.0045355036	5.6798607	18.608876
354.56	0.0045657333	5.6799166	18.60908
355.2	0.0045716405	5.6799644	18.609237
355.84	0.0045531087	5.6799827	18.609197
356.48	0.0045376291	5.6799444	18.609119
357.12	0.0044724164	5.6799247	18.608984
357.76	0.0044147021	5.6799005	18.608969
358.4	0.0043905289	5.6798756	18.608914
359.04	0.0044542566	5.6798158	18.608821
359.68	0.00446839	5.6798569	18.608923
360.32	0.0044979972	5.6799131	18.609051
360.96	0.0045371585	5.6799576	18.609153
361.6	0.0045524597	5.6799889	18.609272
362.24	0.004553761	5.679979	18.609223
362.88	0.0045250137	5.6799463	18.609112
363.52	0.0044999212	5.6798832	18.608922
364.16	0.0044126079	5.6798901	18.608994
364.8	0.0043969703	5.6798654	18.608966
365.44	0.0044665093	5.6798092	18.608802
366.08	0.0044478292	5.6798891	18.609059
366.72	0.0044841716	5.6799413	18.609132
367.36	0.0045460557	5.6799592	18.609092
368	0.0045376316	5.6800065	18.609295
368.64	0.0045550323	5.6799712	18.609264
369.28	0.0044981879	5.6799588	18.609177
369.92	0.0044732084	5.6798946	18.609021
370.56	0.0044315059	5.6798607	18.608908
371.2	0.0044134412	5.6798458	18.608883
371.84	0.0044501189	5.6798325	18.608743
372.48	0.0044847327	5.6798662	18.60894
373.12	0.00451185	5.6799296	18.609086
373.76	0.0045391213	5.6799781	18.609253
374.4	0.0045348914	5.6800119	18.609213
375.04	0.0045683245	5.6799494	18.609239
375.68	0.0045270224	5.6799158	18.609106
376.32	0.0044470492	5.6799049	18.608997
376.96	0.0043976308	5.6798844	18.608954
377.6	0.0044402182	5.6798187	18.608798
378.24	0.0044469646	5.679844	18.608932
378.88	0.0045104373	5.6798559	18.60885
379.52	0.0045092811	5.6799476	18.609161
380.16	0.0045359881	5.6799901	18.609245
380.8	0.004555359	5.6799903	18.60922
381.44	0.0045349314	5.679972	18.609153
382.08	0.0045328187	5.6798946	18.609032
382.72	0.0044395576	5.6798997	18.608982
383.36	0.0044427031	5.6798325	18.608834
384	0.0044286757	5.6798318	18.608845
384.64	0.0043967044	5.6799047	18.608964
385.28	0.0044587267	5.6799235	18.609048
385.92	0.0044992953	5.6799705	18.609196
386.56	0.0045605232	5.6799717	18.60925
387.2	0.0045653804	5.6799766	18.609183
387.84	0.0045689554	5.6799268	18.609075
388.48	0.0044833948	5.6799291	18.609107
389.12	0.0044632893	5.6798618	18.608862
389.76	0.0044523855	5.6798158	18.608814
390.4	0.0044145297	5.6798495	18.608887
391.04	0.0044167983	5.6798964	18.608949
391.68	0.00447254	5.6799256	18.609101
392.32	0.004495471	5.6799898	18.609211
392.96	0.0045875309	5.6799518	18.609115
393.6	0.0045702022	5.6799691	18.609269
394.24	0.0045382734	5.6799459	18.609158
394.88	0.0044824324	5.6799139	18.609044
395.52	0.0044306265	5.6798814	18.609007
396.16	0.0044185125	5.6798443	18.608862
396.8	0.0043596016	5.679908	18.608984
397.44	0.0044238116	5.6799013	18.609014
398.08	0.004485039	5.6799274	18.609031
398.72	0.004549019	5.6799474	18.609061
399.36	0.0045830696	5.6799594	18.609174
400	0.0045412064	5.679992	18.609345
400.64	0.0045356502	5.6799357	18.609162
401.28	0.0044587669	5.6799229	18.60907
401.92	0.0044359368	5.679866	18.608844
402.56	0.0044094233	5.6798512	18.608868
403.2	0.004421936	5.6798532	18.60882
403.84	0.0044676837	5.6798715	18.608949
404.48	0.0044790921	5.6799476	18.60909
405.12	0.0045382134	5.6799678	18.609162
405.76	0.0045628417	5.6799819	18.609261
406.4	0.004524001	5.6800013	18.609258
407.04	0.0045351997	5.6799224	18.60906
407.68	0.0044266709	5.6799408	18.609136
408.32	0.0044400137	5.6798521	18.608841
408.96	0.004385751	5.6798732	18.608919
409.6	0.0044251002	5.6798575	18.608956
410.24	0.0044613493	5.6798902	18.608904
410.88	0.0044858443	5.6799545	18.609209
411.52	0.0045358169	5.67998	18.609228
412.16	0.0045668918	5.679979	18.60918
412.8	0.0045702546	5.6799474	18.609117
413.44	0.004509506	5.6799329	18.609098
414.08	0.0044490696	5.679904	18.609071
414.72	0.004461466	5.6798217	18.608819
415.36	0.0044108804	5.679848	18.608889
416	0.0044218189	5.6798685	18.608944
416.64	0.004487295	5.6798794	18.608992
417.28	0.0045213311	5.6799358	18.609095
417.92	0.0045675758	5.679958	18.609156
418.56	0.0045589548	5.6799866	18.609297
419.2	0.0045341762	5.6799742	18.60927
419.84	0.0045205118	5.6799072	18.608953
420.48	0.0044569402	5.6798807	18.60894
421.12	0.0044385708	5.679836	18.608849
421.76	0.0044027109	5.6798579	18.608906
422.4	0.0044830311	5.6798176	18.608768
423.04	0.0044562361	5.6799249	18.609081
423.68	0.0045121816	5.6799593	18.609177
424.32	0.0045826526	5.6799513	18.609147
424.96	0.0045477764	5.6799948	18.609189
425.6	0.0045171501	5.6799789	18.609198
426.24	0.0044611517	5.679951	18.609113
426.88	0.0044828398	5.6798415	18.608847
427.52	0.0044259462	5.6798421	18.608797
428.16	0.0044328066	5.679831	18.6088
428.8	0.0044311197	5.6798817	18.608921
429.44	0.0044884527	5.679909	18.609054
430.08	0.0045322191	5.6799517	18.60914
430.72	0.0045770917	5.6799623	18.609221
431.36	0.0045515566	5.6799861	18.609293
432	0.0045395636	5.6799438	18.609101
432.64	0.0044823083	5.6799138	18.609052
433.28	0.004455987	5.6798558	18.608806
433.92	0.0043770918	5.6798866	18.608973
434.56	0.0044387491	5.6798308	18.608754
435.2	0.0044204847	5.6799051	18.609026
435.84	0.0045055312	5.679906	18.609012
436.48	0.0045516454	5.6799436	18.609117
437.12	0.0045688554	5.679974	18.609225
437.76	0.0045771548	5.6799558	18.609186
438.4	0.0045114383	5.6799588	18.609146
439.04	0.0045033806	5.6798781	18.608903
439.68	0.0044364384	5.6798663	18.608925
440.32	0.0044331329	5.6798283	18.608773
440.96	0.0044080133	5.679867	18.608919
441.6	0.0044291835	5.6799088	18.60905
442.24	0.0044755626	5.6799505	18.609087
442.88	0.0045261394	5.6799787	18.609254
443.52	0.0045256621	5.6800187	18.609379
444.16	0.0045503907	5.6799753	18.609189
444.8	0.0045227094	5.6799337	18.609087
445.44	0.0044718325	5.6798955	18.609009
446.08	0.0044430013	5.6798506	18.608815
446.72	0.0044105819	5.6798498	18.608927
447.36	0.0044165043	5.6798656	18.608883
448	0.0044663119	5.6798853	18.608958
448.64	0.0044983716	5.6799425	18.609098
449.28	0.0045260822	5.6799898	18.60924
449.92	0.0045505115	5.6799944	18.609291
450.56	0.0045578941	5.6799582	18.609136
451.2	0.0045026627	5.6799397	18.609086
451.84	0.0044497574	5.6799036	18.608945
452.48	0.0044266389	5.679857	18.608873
453.12	0.0044321586	5.6798281	18.608837
453.76	0.0044385548	5.6798528	18.60891
454.4	0.0044764471	5.6798901	18.608994
455.04	0.0044958471	5.6799617	18.609184
455.68	0.0045697743	5.679955	18.609167
456.32	0.0045629536	5.6799805	18.609179
456.96	0.0045239183	5.6799811	18.609143
457.6	0.004477329	5.6799493	18.609152
458.24	0.004441675	5.6798974	18.609026
458.88	0.0044279459	5.6798483	18.608841
459.52	0.0044328974	5.6798288	18.608863
460.16	0.0044786597	5.6798242	18.608795
460.8	0.0044960623	5.6798868	18.608955
461.44	0.0045441196	5.6799263	18.609061
462.08	0.0045355539	5.6799959	18.609235
462.72	0.0045651192	5.6799749	18.60922
463.36	0.004514492	5.6799801	18.609178
464	0.0044901467	5.6799215	18.609078
464.64	0.0044551765	5.6798708	18.608896
465.28	0.0044234054	5.679846	18.608852
465.92	0.0044124146	5.6798532	18.60886
466.56	0.0044101846	5.6799043	18.609019
467.2	0.004491713	5.6799063	18.609051
467.84	0.0045111134	5.6799717	18.60917
468.48	0.0045817929	5.6799541	18.6091
469.12	0.0045077355	5.6800285	18.609362
469.76	0.0045311797	5.6799521	18.609164
470.4	0.0044602727	5.6799373	18.609116
471.04	0.0044248537	5.679889	18.608994
471.68	0.0044306033	5.6798354	18.608759
472.32	0.0044355952	5.6798355	18.608848
472.96	0.0044485237	5.6798794	18.608934
473.6	0.0044958437	5.6799175	18.609077
474.24	0.004554325	5.6799404	18.609047
474.88	0.0045633372	5.6799761	18.609189
475.52	0.0045249596	5.6800029	18.6093
476.16	0.0045685088	5.6798992	18.608971
476.8	0.0044553099	5.6799254	18.609094
477.44	0.0044448768	5.6798582	18.608852
478.08	0.0044317497	5.6798329	18.608748
478.72	0.0044232323	5.6798558	18.608834
479.36	0.0044526726	5.6798893	18.609
480	0.0045037541	5.6799243	18.609079
480.64	0.0045176423	5.6799884	18.609212
481.28	0.0045566308	5.679985	18.60924
481.92	0.0045465272	5.6799746	18.609247
482.56	0.0044907281	5.6799632	18.609243
483.2	0.0044808844	5.6798856	18.608982
483.84	0.0044361649	5.6798571	18.608908
484.48	0.0043947717	5.6798683	18.608863
485.12	0.0044085122	5.6798774	18.608945
485.76	0.0044645216	5.6798909	18.609033
486.4	0.0044890043	5.6799535	18.609147
487.04	0.0045675529	5.679947	18.609104
487.68	0.0045550298	5.6799864	18.609163
488.32	0.0045950843	5.6799175	18.609075
488.96	0.004470801	5.6799681	18.60916
489.6	0.0044393019	5.6799133	18.608962
490.24	0.0044362018	5.6798502	18.608852
490.88	0.0044267808	5.679838	18.60884
491.52	0.0044129873	5.6798833	18.608968
492.16	0.0044587773	5.6799109	18.609068
492.8	0.0045436943	5.6799116	18.609043
493.44	0.0045645422	5.6799567	18.609101
494.08	0.0045462988	5.6799925	18.609261
494.72	0.0045220175	5.6799793	18.609219
495.36	0.0045217395	5.6799044	18.60903
496	0.0044629444	5.6798777	18.608916
496.64	0.0044626063	5.679818	18.608729
497.28	0.0044173414	5.6798497	18.608911
497.92	0.0044348008	5.6798706	18.608903
498.56	0.0044733883	5.6799092	18.609107
499.2	0.004549527	5.6799188	18.609148
499.84	0.004590505	5.679938	18.609161
