0	0.0044617275	5.6811205	18.611003
0.64	0.004433315	5.6811773	18.611232
1.28	0.004477715	5.6812034	18.61125
1.92	0.0045455061	5.6812227	18.611321
2.56	0.004588743	5.6812491	18.611384
3.2	0.004570233	5.6812879	18.611471
3.84	0.0045384081	5.6812858	18.611428
4.48	0.0045346683	5.6812141	18.611277
5.12	0.0044480876	5.6812161	18.611301
5.76	0.0044220378	5.6811797	18.611221
6.4	0.0044259763	5.6811576	18.611141
7.04	0.0044080099	5.6812108	18.611254
7.68	0.004493056	5.6812007	18.611305
8.32	0.0045611314	5.6812189	18.611293
8.96	0.0045173222	5.6813255	18.611535
9.6	0.004590579	5.6812674	18.611454
10.24	0.0045439879	5.6812718	18.611513
10.88	0.0044894495	5.6812462	18.611415
11.52	0.0044210505	5.6812301	18.611271
12.16	0.004384284	5.6812107	18.611246
12.8	0.0044359819	5.681151	18.611103
13.44	0.0044442538	5.6811849	18.611231
14.08	0.0044798888	5.6812275	18.611369
14.72	0.0045495569	5.6812427	18.611333
15.36	0.004584939	5.6812638	18.611456
16	0.0045424917	5.6813119	18.611676
16.64	0.0045439442	5.681262	18.611393
17.28	0.0045034573	5.6812199	18.611365
17.92	0.0044674437	5.6811719	18.611101
18.56	0.0044282042	5.6811596	18.611217
19.2	0.0044307353	5.6811584	18.611181
19.84	0.0044548002	5.6811857	18.611264
20.48	0.00450579	5.6812164	18.611284
21.12	0.0045245738	5.6812795	18.611558
21.76	0.0045373035	5.6813163	18.611613
22.4	0.0045363561	5.6813126	18.611596
23.04	0.004562574	5.6812315	18.611284
23.68	0.00447538	5.6812342	18.611329
24.32	0.0044553834	5.6811739	18.611219
24.96	0.0044356817	5.6811487	18.611113
25.6	0.0044352343	5.6811572	18.611143
26.24	0.0044455171	5.6812065	18.611288
26.88	0.0045169317	5.6812206	18.611274
27.52	0.0045382788	5.6812786	18.611535
28.16	0.0045706474	5.6812868	18.611429
28.8	0.0045874537	5.6812538	18.611487
29.44	0.0045601197	5.6812135	18.611398
30.08	0.0044883425	5.6811934	18.611184
30.72	0.004407418	5.6811981	18.611264
31.36	0.004404291	5.6811665	18.611182
32	0.0044365056	5.6811557	18.61116
32.64	0.0044962136	5.6811657	18.611112
33.28	0.0045089302	5.6812446	18.611431
33.92	0.0045537851	5.6812757	18.61152
34.56	0.0045629025	5.6812962	18.611546
35.2	0.0045443826	5.6812874	18.611499
35.84	0.0045137737	5.6812445	18.611404
36.48	0.00445968	5.6812055	18.611277
37.12	0.0043850911	5.6812081	18.611348
37.76	0.0044233992	5.6811473	18.611155
38.4	0.0044481077	5.6811553	18.611134
39.04	0.004484657	5.6811953	18.611211
39.68	0.0045075281	5.6812617	18.611492
40.32	0.0045473983	5.6812905	18.611529
40.96	0.0045609905	5.6812976	18.611543
41.6	0.0045426128	5.6812787	18.611492
42.24	0.0044534326	5.6812882	18.61145
42.88	0.0044557139	5.681196	18.61125
43.52	0.0044443675	5.6811424	18.611139
44.16	0.0044666216	5.6811054	18.610969
44.8	0.0044535587	5.6811603	18.611156
45.44	0.0044194638	5.6812754	18.611453
46.08	0.0045085052	5.6812745	18.611483
46.72	0.0045356029	5.6813095	18.611519
47.36	0.0045712911	5.6812842	18.611493
48	0.004519956	5.6812875	18.611521
48.64	0.0044714023	5.681254	18.611404
49.28	0.0044543571	5.6811846	18.611203
49.92	0.0044536432	5.6811277	18.611062
50.56	0.0044540495	5.6811218	18.611078
51.2	0.0044733005	5.6811513	18.611222
51.84	0.0044795998	5.6812299	18.611313
52.48	0.0045204585	5.6812764	18.61149
53.12	0.0045485381	5.6813036	18.611567
53.76	0.0045684475	5.6812825	18.611442
54.4	0.0045175108	5.6812775	18.611568
55.04	0.0044840619	5.681226	18.611392
55.68	0.0044516282	5.6811756	18.611233
56.32	0.0044208591	5.6811569	18.611146
56.96	0.0044426597	5.6811393	18.611145
57.6	0.0044425119	5.6811942	18.611201
58.24	0.0045078072	5.6812167	18.611318
58.88	0.004529807	5.6812783	18.611438
59.52	0.0046017121	5.6812527	18.611455
60.16	0.0045470694	5.6812985	18.611604
60.8	0.004504968	5.68128	18.61155
61.44	0.0044680227	5.681229	18.611401
62.08	0.0044415619	5.6811745	18.611135
62.72	0.0044229498	5.6811512	18.611162
63.36	0.0043994439	5.6811873	18.611181
64	0.0044992027	5.6811513	18.611188
64.64	0.004539121	5.6812001	18.61123
65.28	0.0045376685	5.6812816	18.611395
65.92	0.0045732832	5.6812857	18.611551
66.56	0.0045239765	5.6813168	18.611578
67.2	0.0045498403	5.6812202	18.611299
67.84	0.0044883048	5.6811908	18.611233
68.48	0.0044436622	5.6811596	18.611244
69.12	0.0044156458	5.6811551	18.611154
69.76	0.0044434683	5.6811493	18.61114
70.4	0.0044551201	5.6812076	18.611253
71.04	0.0045208457	5.6812344	18.611273
71.68	0.0045650905	5.6812676	18.611497
72.32	0.0045711442	5.6812919	18.611493
72.96	0.0045490067	5.6812833	18.611566
73.6	0.0044963416	5.6812588	18.611454
74.24	0.0044423478	5.681221	18.611296
74.88	0.0044477867	5.6811446	18.61114
75.52	0.004395089	5.681173	18.611175
76.16	0.0044612478	5.681139	18.611102
76.8	0.004451664	5.681227	18.611331
77.44	0.0045477918	5.6812251	18.611389
78.08	0.0045518992	5.6812907	18.611484
78.72	0.0045628376	5.6812996	18.611554
79.36	0.0045842539	5.6812384	18.611352
80	0.0044984263	5.6812406	18.611414
80.64	0.0044621498	5.6811857	18.611215
81.28	0.0044357194	5.6811468	18.611133
81.92	0.0044075955	5.6811614	18.611164
82.56	0.0044399968	5.6811726	18.611149
83.2	0.0045019703	5.681194	18.611229
83.84	0.0045463374	5.6812396	18.61135
84.48	0.0045398413	5.6813106	18.611571
85.12	0.0045323447	5.6813274	18.611665
85.76	0.0045064283	5.6813033	18.61156
86.4	0.0045245071	5.6811981	18.611302
87.04	0.0044322525	5.6812013	18.611293
87.68	0.0044404441	5.6811362	18.611051
88.32	0.0044132625	5.6811597	18.61112
88.96	0.0044661286	5.6811596	18.611155
89.6	0.0044929858	5.6812189	18.611276
90.24	0.0045685536	5.6812323	18.611407
90.88	0.0045741922	5.6812819	18.611474
91.52	0.0045550904	5.6812987	18.61149
92.16	0.0045515153	5.6812453	18.611365
92.8	0.0044822547	5.6812248	18.611348
93.44	0.0044373317	5.681184	18.611209
94.08	0.0044132172	5.6811595	18.6111
94.72	0.0044427895	5.6811352	18.611115
95.36	0.00444155	5.6811963	18.611207
96	0.0044764199	5.6812516	18.611395
96.64	0.0045481563	5.681265	18.611427
97.28	0.0045514022	5.6813071	18.611539
97.92	0.0045659888	5.6812826	18.6115
98.56	0.0045297337	5.6812546	18.611416
99.2	0.004478318	5.6812147	18.611317
99.84	0.0044787599	5.6811312	18.611019
100.48	0.0044292792	5.6811402	18.611113
101.12	0.0044666107	5.6811178	18.611047
101.76	0.0044647982	5.6811848	18.611217
102.4	0.0044914893	5.681249	18.611386
103.04	0.004523204	5.6813007	18.611487
103.68	0.0045765967	5.6812857	18.611523
104.32	0.0045624706	5.6812798	18.611471
104.96	0.0045188428	5.6812529	18.611431
105.6	0.0044628585	5.6812155	18.611267
106.24	0.0044146372	5.6811858	18.611266
106.88	0.0044398598	5.6811275	18.611032
107.52	0.0044172683	5.6811732	18.611186
108.16	0.0044907645	5.6811723	18.611239
108.8	0.0045252692	5.6812316	18.611436
109.44	0.0045566995	5.6812761	18.611461
110.08	0.0045423433	5.6813212	18.611683
110.72	0.004552104	5.6812823	18.611527
111.36	0.0044757635	5.6812813	18.611529
112	0.0045083279	5.6811563	18.611212
112.64	0.0044335509	5.6811574	18.611165
113.28	0.0044294354	5.6811364	18.61112
113.92	0.0044296054	5.6811702	18.611207
114.56	0.0044533324	5.6812246	18.611343
115.2	0.0045298964	5.6812408	18.611409
115.84	0.0045289578	5.6813126	18.611535
116.48	0.0045615904	5.6813005	18.611523
117.12	0.004530441	5.6812933	18.611519
117.76	0.0045292388	5.6812122	18.611296
118.4	0.0044549681	5.6811949	18.611337
119.04	0.004440724	5.681143	18.611086
119.68	0.0043920473	5.6811768	18.611247
120.32	0.0044201276	5.6811903	18.611284
120.96	0.0044626568	5.6812304	18.611362
121.6	0.0045317782	5.6812539	18.611408
122.24	0.0045541353	5.6812953	18.611535
122.88	0.0045667621	5.681293	18.611521
123.52	0.0045465919	5.6812648	18.611435
124.16	0.0045161043	5.6812095	18.611333
124.8	0.0044231225	5.6812134	18.611271
125.44	0.0044257433	5.6811523	18.611119
126.08	0.0044298365	5.6811436	18.611074
126.72	0.0044863858	5.6811368	18.611062
127.36	0.0044687646	5.6812399	18.611374
128	0.0045691349	5.6812292	18.611355
128.64	0.00458492	5.6812698	18.611514
129.28	0.0045439794	5.6813105	18.611594
129.92	0.0045355599	5.6812627	18.611486
130.56	0.0044897703	5.6812197	18.611299
131.2	0.0044293066	5.6811951	18.611274
131.84	0.0044460098	5.6811285	18.61111
132.48	0.004419542	5.6811593	18.611129
133.12	0.0044661761	5.6811705	18.611207
133.76	0.0044782267	5.6812463	18.611384
134.4	0.0045262746	5.6812848	18.611487
135.04	0.0045569356	5.6813019	18.611591
135.68	0.0045267083	5.6813227	18.61158
136.32	0.0045355225	5.6812507	18.61138
136.96	0.0044438026	5.6812499	18.61144
137.6	0.0044541248	5.6811574	18.611134
138.24	0.0044398506	5.68113	18.611082
138.88	0.0044243489	5.6811599	18.611153
139.52	0.0044606731	5.6811886	18.61121
140.16	0.0045216909	5.6812192	18.611282
140.8	0.0045411899	5.6812805	18.611479
141.44	0.0045336596	5.6813273	18.611615
142.08	0.0045695823	5.6812714	18.611424
142.72	0.0045222968	5.6812495	18.611376
143.36	0.0044589448	5.6812201	18.61137
144	0.004396508	5.6812055	18.611332
144.64	0.0044459848	5.6811222	18.610968
145.28	0.0044830761	5.6811088	18.610981
145.92	0.0044548051	5.6812085	18.611251
146.56	0.0045505788	5.681206	18.611288
147.2	0.0045399367	5.6812939	18.611565
147.84	0.0045768592	5.6812878	18.611434
148.48	0.0045306614	5.6813019	18.611537
149.12	0.0045389747	5.6812168	18.611318
149.76	0.004472845	5.6811901	18.611174
150.4	0.0044158359	5.6811742	18.611248
151.04	0.0044256787	5.6811418	18.61103
151.68	0.0043940941	5.6812074	18.611334
152.32	0.0044885518	5.681191	18.611261
152.96	0.0045311211	5.6812414	18.611396
153.6	0.0045517371	5.681291	18.61156
154.24	0.0045614661	5.6813011	18.611611
154.88	0.0045222596	5.6812998	18.611567
155.52	0.0044589949	5.6812805	18.611497
156.16	0.0044732504	5.6811744	18.611214
156.8	0.0044069078	5.6811763	18.611162
157.44	0.0044368017	5.6811329	18.611109
158.08	0.0044130603	5.6811988	18.61129
158.72	0.0044966551	5.6811987	18.611306
159.36	0.004514738	5.6812733	18.611438
160	0.0045484734	5.6813011	18.611585
160.64	0.0045940884	5.6812642	18.611462
161.28	0.0045298639	5.6812793	18.611525
161.92	0.0045234641	5.6812	18.611207
162.56	0.0044641354	5.6811704	18.611217
163.2	0.0044009124	5.6811764	18.611217
163.84	0.0044501885	5.6811226	18.611087
164.48	0.0044294669	5.6811959	18.611209
165.12	0.0045009103	5.6812114	18.61127
165.76	0.0045092058	5.6812906	18.611481
166.4	0.0045230914	5.6813317	18.611588
167.04	0.0045798003	5.6812737	18.611455
167.68	0.0045114517	5.6812848	18.611409
168.32	0.0044656515	5.6812417	18.611368
168.96	0.0044497221	5.6811721	18.611201
169.6	0.0044471004	5.6811257	18.611
170.24	0.0044541187	5.6811264	18.61106
170.88	0.0044415009	5.6811977	18.61128
171.52	0.0045041779	5.6812252	18.611367
172.16	0.0045239036	5.6812881	18.611527
172.8	0.0045626394	5.6812949	18.611536
173.44	0.0045746145	5.681272	18.611441
174.08	0.0045080878	5.6812736	18.611461
174.72	0.0044775108	5.6812142	18.611277
175.36	0.0044367632	5.6811737	18.61122
176	0.0044425201	5.6811283	18.611134
176.64	0.0044423805	5.6811447	18.611129
177.28	0.0044681629	5.6811852	18.611244
177.92	0.0045009713	5.6812439	18.611406
178.56	0.0045331458	5.6812915	18.611559
179.2	0.004572624	5.6812871	18.611429
179.84	0.0045812235	5.6812556	18.611484
180.48	0.0045059154	5.6812609	18.611478
181.12	0.0045035234	5.6811728	18.611194
181.76	0.0044516591	5.6811497	18.611097
182.4	0.0044223442	5.6811475	18.611086
183.04	0.0044153921	5.6811788	18.611208
183.68	0.0044712209	5.6811959	18.61129
184.32	0.0045228414	5.6812371	18.611334
184.96	0.0046107274	5.6812236	18.611345
185.6	0.0045619992	5.681298	18.611521
186.24	0.0045530266	5.6812751	18.611463
186.88	0.0045091248	5.6812417	18.61136
187.52	0.0044551719	5.6812071	18.611279
188.16	0.0044513885	5.6811417	18.611085
188.8	0.0044324982	5.6811392	18.61111
189.44	0.0044282924	5.6811777	18.611156
190.08	0.0044996905	5.6811828	18.611184
190.72	0.0045090878	5.6812645	18.61148
191.36	0.0046013425	5.6812407	18.611416
192	0.0045925134	5.6812662	18.611385
192.64	0.0045524235	5.6812656	18.611429
193.28	0.00447757	5.6812582	18.611405
193.92	0.0044787318	5.6811677	18.61113
194.56	0.0044097236	5.6811756	18.611192
195.2	0.0044528073	5.6811214	18.611033
195.84	0.0044601768	5.6811562	18.611194
196.48	0.0044791155	5.6812189	18.611297
197.12	0.0045302718	5.6812576	18.611403
197.76	0.0045834136	5.681266	18.611501
198.4	0.0045571863	5.6812986	18.61154
199.04	0.0045181905	5.6812887	18.611572
199.68	0.0044928286	5.6812286	18.61133
200.32	0.0044601729	5.6811733	18.611178
200.96	0.0044038677	5.6811753	18.611141
201.6	0.0044203348	5.6811561	18.611195
202.24	0.0044931033	5.6811345	18.611071
202.88	0.0044805505	5.6812323	18.611366
203.52	0.0045401391	5.6812604	18.611368
204.16	0.0045575294	5.6812968	18.611509
204.8	0.0045674432	5.6812862	18.611498
205.44	0.0045409817	5.6812552	18.611455
206.08	0.0044735175	5.6812327	18.611424
206.72	0.0044174303	5.6812051	18.611253
207.36	0.0044039558	5.6811681	18.611163
208	0.0043889255	5.6811892	18.611196
208.64	0.004465432	5.6811721	18.611192
209.28	0.0045033965	5.6812251	18.611354
209.92	0.0045441175	5.6812699	18.611464
210.56	0.0045586994	5.681302	18.611574
211.2	0.0045641617	5.6812863	18.611576
211.84	0.0045276237	5.6812568	18.611322
212.48	0.0044695574	5.6812215	18.611327
213.12	0.0044262447	5.6811827	18.611217
213.76	0.0044328435	5.6811351	18.611071
214.4	0.0044236488	5.6811601	18.61114
215.04	0.004469362	5.6811806	18.611218
215.68	0.0045155379	5.6812266	18.611364
216.32	0.0045553647	5.6812699	18.611487
216.96	0.0045708597	5.6812938	18.611519
217.6	0.0045522291	5.6812907	18.611506
218.24	0.004510347	5.6812597	18.611469
218.88	0.0044890579	5.6811867	18.611188
219.52	0.0044159737	5.6811822	18.611207
220.16	0.004424819	5.6811407	18.611112
220.8	0.0044159666	5.6811751	18.611235
221.44	0.0044532683	5.6812119	18.611289
222.08	0.0045353307	5.6812239	18.611363
222.72	0.0045283165	5.681308	18.611551
223.36	0.0045693057	5.6812964	18.611558
224	0.0045409053	5.6812932	18.611501
224.64	0.0045084837	5.6812468	18.611398
225.28	0.0044573129	5.6812039	18.6113
225.92	0.0044017771	5.681187	18.611231
226.56	0.0044123271	5.6811518	18.61111
227.2	0.0043982426	5.6812011	18.611325
227.84	0.0044913191	5.681189	18.611262
228.48	0.0045366055	5.6812384	18.611395
229.12	0.0045725514	5.6812729	18.611457
229.76	0.0045636203	5.6813016	18.611545
230.4	0.0045045111	5.6813197	18.61158
231.04	0.0044744744	5.6812642	18.611452
231.68	0.0044572224	5.6811871	18.611168
232.32	0.0044184277	5.6811609	18.611173
232.96	0.0044006836	5.6811661	18.61122
233.6	0.0044535577	5.6811584	18.611108
234.24	0.0044705257	5.6812252	18.611232
234.88	0.0045129226	5.6812767	18.611444
235.52	0.0045467044	5.6813073	18.611507
236.16	0.004526172	5.6813361	18.611614
236.8	0.0045244478	5.6812871	18.611523
237.44	0.0044917499	5.6812305	18.611267
238.08	0.0044514001	5.6811798	18.611228
238.72	0.0044064291	5.6811672	18.611141
239.36	0.0044379147	5.6811328	18.611104
240	0.0044434115	5.681181	18.611251
240.64	0.0045013417	5.681212	18.611276
241.28	0.0045152972	5.6812868	18.611537
241.92	0.0045698609	5.6812885	18.611502
242.56	0.0045832145	5.6812727	18.611475
243.2	0.0045555898	5.6812427	18.611398
243.84	0.0044833973	5.6812247	18.611346
244.48	0.004477629	5.6811428	18.611143
245.12	0.0043892468	5.6811808	18.611288
245.76	0.0043993179	5.6811764	18.611143
246.4	0.0044888025	5.6811478	18.611062
247.04	0.0045327959	5.6811954	18.61126
247.68	0.0045642903	5.6812504	18.611414
248.32	0.0045492062	5.6813134	18.611566
248.96	0.0045603021	5.6812895	18.611476
249.6	0.0044862162	5.6812977	18.611544
250.24	0.0044753922	5.6812155	18.61124
250.88	0.0044472386	5.681162	18.611118
251.52	0.0044191167	5.6811501	18.611131
252.16	0.0044368779	5.6811469	18.611077
252.8	0.0044971641	5.6811527	18.611057
253.44	0.0044991011	5.6812428	18.611355
254.08	0.0045334228	5.6812924	18.611505
254.72	0.004529347	5.6813345	18.611636
255.36	0.0045293295	5.6813129	18.611473
256	0.0045012321	5.6812692	18.611404
256.64	0.0044774054	5.6811988	18.611308
257.28	0.0044501861	5.6811487	18.61112
257.92	0.0043826172	5.6811829	18.61123
258.56	0.0044326846	5.6811597	18.611149
259.2	0.0044571446	5.6812083	18.611281
259.84	0.0045129335	5.6812453	18.611452
260.48	0.0045666228	5.6812675	18.611395
261.12	0.0045377373	5.6813257	18.611541
261.76	0.0045473904	5.6812861	18.611456
262.4	0.0044953343	5.6812602	18.611436
263.04	0.0044774964	5.6811855	18.611103
263.68	0.0044117474	5.6811778	18.611165
264.32	0.0044095063	5.681157	18.611213
264.96	0.0044861353	5.6811153	18.611059
265.6	0.004465899	5.681214	18.611298
266.24	0.0045366942	5.6812357	18.611349
266.88	0.0045694082	5.681274	18.611427
267.52	0.0045548302	5.6813086	18.611663
268.16	0.0045458121	5.6812766	18.611404
268.8	0.0045388959	5.6811999	18.611239
269.44	0.0044090013	5.6812387	18.611393
270.08	0.0044242054	5.681159	18.611172
270.72	0.004431659	5.6811383	18.611142
271.36	0.0044241335	5.6811885	18.611234
272	0.0045175648	5.6811782	18.611192
272.64	0.0044935204	5.6812937	18.611591
273.28	0.0045242189	5.6813262	18.611614
273.92	0.0045777623	5.6812802	18.611485
274.56	0.0045461926	5.681263	18.611428
275.2	0.0045020229	5.6812214	18.611313
275.84	0.0044540095	5.6811805	18.611184
276.48	0.0043961654	5.6811816	18.611208
277.12	0.0044388839	5.6811356	18.611064
277.76	0.0044761266	5.681149	18.611108
278.4	0.004495847	5.681215	18.611283
279.04	0.0045572766	5.6812425	18.611365
279.68	0.00456739	5.6812883	18.611489
280.32	0.0045891181	5.6812656	18.611484
280.96	0.0045500983	5.6812472	18.611393
281.6	0.0045019938	5.6812067	18.6113
282.24	0.004456636	5.6811653	18.611148
282.88	0.0044016992	5.6811703	18.61124
283.52	0.0044167379	5.6811626	18.611185
284.16	0.0044830692	5.6811549	18.61116
284.8	0.0044925795	5.6812338	18.611427
285.44	0.0045310284	5.6812814	18.611436
286.08	0.0045605405	5.6812992	18.611577
286.72	0.0045705198	5.6812789	18.611528
287.36	0.0045271643	5.6812569	18.611457
288	0.004491727	5.6812003	18.61128
288.64	0.0044278862	5.6811825	18.611281
289.28	0.0044365883	5.6811321	18.611085
289.92	0.0044248684	5.6811609	18.611178
290.56	0.0044995473	5.6811526	18.611154
291.2	0.0044715417	5.6812713	18.611426
291.84	0.0045374514	5.6812872	18.611555
292.48	0.0045804437	5.6812819	18.611466
293.12	0.0045487851	5.6812913	18.611539
293.76	0.0044969131	5.6812715	18.611495
294.4	0.0044551135	5.6812214	18.611309
295.04	0.0044338497	5.6811654	18.611116
295.68	0.0043871537	5.6811803	18.611234
296.32	0.0044561712	5.681138	18.611078
296.96	0.004478735	5.6811884	18.611239
297.6	0.0045108612	5.6812496	18.611404
298.24	0.0045692951	5.681266	18.611428
298.88	0.0045821359	5.6812806	18.611509
299.52	0.0045320703	5.6812988	18.611618
300.16	0.0045185217	5.6812343	18.611329
300.8	0.0044367172	5.6812236	18.611305
301.44	0.0044272389	5.6811619	18.611222
302.08	0.0044630538	5.6811036	18.611013
302.72	0.0044405467	5.681163	18.611089
303.36	0.0045160116	5.6811677	18.611221
304	0.0045065303	5.6812694	18.611515
304.64	0.0045192503	5.681325	18.611568
305.28	0.0045606167	5.6813001	18.611587
305.92	0.0045403247	5.681279	18.611502
306.56	0.0044939833	5.6812427	18.611435
307.2	0.0044558771	5.6811897	18.611247
307.84	0.0044619551	5.681122	18.611086
308.48	0.0044299708	5.6811411	18.611116
309.12	0.004453873	5.6811611	18.611128
309.76	0.0044660043	5.6812319	18.611324
310.4	0.0045426235	5.6812463	18.611377
311.04	0.0046112587	5.6812396	18.611397
311.68	0.0045759615	5.681282	18.61146
312.32	0.004500293	5.681306	18.61147
312.96	0.0045196375	5.6812015	18.611279
313.6	0.0044673952	5.6811663	18.611133
314.24	0.0044303855	5.681147	18.611113
314.88	0.0044087648	5.6811661	18.611191
315.52	0.0044174806	5.6812091	18.611293
316.16	0.0045098297	5.6812039	18.611228
316.8	0.0045302631	5.6812711	18.61148
317.44	0.0045752868	5.6812798	18.611513
318.08	0.0045576844	5.6812953	18.611497
318.72	0.0045235163	5.6812727	18.611406
319.36	0.0045215409	5.6811846	18.611182
320	0.0044497143	5.6811712	18.611221
320.64	0.0044205901	5.6811518	18.611142
321.28	0.0044524689	5.681127	18.61107
321.92	0.0044843405	5.681155	18.611091
322.56	0.0045017809	5.6812275	18.611359
323.2	0.0045542331	5.6812589	18.611409
323.84	0.0045725869	5.6812861	18.611487
324.48	0.0045447786	5.6813027	18.611594
325.12	0.0045324442	5.6812508	18.6114
325.76	0.0044476527	5.6812441	18.611387
326.4	0.0044167301	5.6811933	18.611272
327.04	0.0044047675	5.6811649	18.61119
327.68	0.0044370303	5.6811476	18.611128
328.32	0.0044653619	5.6811859	18.61122
328.96	0.0045065934	5.6812382	18.611392
329.6	0.0045799646	5.6812462	18.611401
330.24	0.0045694243	5.6812921	18.6115
330.88	0.0045551627	5.681284	18.611512
331.52	0.0045074533	5.6812603	18.611437
332.16	0.0045105864	5.6811659	18.61117
332.8	0.0044165672	5.6811829	18.611214
333.44	0.0044223107	5.6811455	18.611126
334.08	0.0044247844	5.6811689	18.611206
334.72	0.0044627742	5.6812054	18.611266
335.36	0.0044747624	5.681286	18.611512
336	0.0045829974	5.6812526	18.611411
336.64	0.0045841763	5.681278	18.611518
337.28	0.0045340464	5.6812955	18.611506
337.92	0.004531624	5.6812198	18.611259
338.56	0.0044759619	5.6811829	18.61122
339.2	0.0044201815	5.681168	18.611239
339.84	0.0044167756	5.6811513	18.611103
340.48	0.004440737	5.6811653	18.611287
341.12	0.0045000111	5.6811851	18.611185
341.76	0.0045395201	5.681237	18.611318
342.4	0.004523407	5.6813209	18.611613
343.04	0.0045506343	5.6813097	18.611582
343.68	0.0045406392	5.6812774	18.611411
344.32	0.0045123178	5.6812223	18.61131
344.96	0.0044574343	5.6811862	18.611284
345.6	0.0044372979	5.6811453	18.611142
346.24	0.0044238798	5.6811483	18.611117
346.88	0.0044501805	5.6811655	18.611187
347.52	0.0045197605	5.6811804	18.611201
348.16	0.0045293453	5.6812613	18.61134
348.8	0.0045855304	5.6812653	18.611499
349.44	0.0045758961	5.6812801	18.611515
350.08	0.004589791	5.6812165	18.611327
350.72	0.0045013517	5.6812187	18.611312
351.36	0.0044839634	5.6811483	18.611161
352	0.0044178272	5.6811586	18.611142
352.64	0.0044318281	5.6811431	18.611045
353.28	0.004454281	5.6811731	18.611179
353.92	0.0044956999	5.6812197	18.611288
354.56	0.0045185728	5.6812844	18.611469
355.2	0.0045574153	5.6812987	18.611515
355.84	0.0045453091	5.6813071	18.611545
356.48	0.0044983174	5.6812946	18.611588
357.12	0.0044752667	5.6812283	18.611404
357.76	0.0044262194	5.6811935	18.61125
358.4	0.0044299338	5.6811423	18.611059
359.04	0.0044323725	5.6811482	18.611132
359.68	0.0044540866	5.681186	18.61121
360.32	0.0045016071	5.681229	18.611305
360.96	0.004547584	5.681268	18.611477
361.6	0.004573693	5.6812875	18.611473
362.24	0.0045509998	5.6812966	18.611526
362.88	0.0045694868	5.6812102	18.611349
363.52	0.0044893409	5.6811982	18.611215
364.16	0.0044473648	5.6811591	18.611166
364.8	0.0044396824	5.6811277	18.611078
365.44	0.0043765636	5.6812094	18.611244
366.08	0.0044499999	5.6812059	18.611267
366.72	0.004503029	5.6812442	18.611386
367.36	0.0045429927	5.6812854	18.611479
368	0.0045296123	5.681334	18.611676
368.64	0.0045134128	5.6813256	18.611615
369.28	0.0045021904	5.6812628	18.611426
369.92	0.0044622014	5.6812096	18.61123
370.56	0.0044540499	5.6811419	18.611124
371.2	0.0044262961	5.6811406	18.611082
371.84	0.0044495509	5.6811457	18.611109
372.48	0.0044292944	5.6812417	18.611425
373.12	0.0045030016	5.6812605	18.611434
373.76	0.00452774	5.6813096	18.611509
374.4	0.0045649649	5.681298	18.611524
375.04	0.0045567888	5.6812717	18.61145
375.68	0.0045160595	5.6812318	18.611392
376.32	0.0044602727	5.6811955	18.611247
376.96	0.0044206133	5.6811667	18.611138
377.6	0.0043933479	5.6811747	18.611147
378.24	0.0044141513	5.6811914	18.61124
378.88	0.0044532492	5.681233	18.611372
379.52	0.0045090783	5.6812702	18.611467
380.16	0.004536825	5.6813104	18.611647
380.8	0.0045815526	5.6812798	18.611463
381.44	0.0045211642	5.681295	18.61158
382.08	0.0045284098	5.681204	18.611314
382.72	0.0044308545	5.6812108	18.611265
383.36	0.0044266895	5.6811535	18.611177
384	0.0044672282	5.6811035	18.611085
384.64	0.004469444	5.6811475	18.611114
385.28	0.0044728069	5.6812289	18.611366
385.92	0.004541561	5.6812518	18.611411
386.56	0.0045745649	5.6812787	18.611482
387.2	0.0045922539	5.6812653	18.61142
387.84	0.0045291831	5.6812755	18.611495
388.48	0.0044953214	5.6812216	18.61127
389.12	0.0044625752	5.6811657	18.611227
389.76	0.0044306007	5.6811446	18.611075
390.4	0.0044228198	5.6811529	18.611189
391.04	0.0044437454	5.6811861	18.611224
391.68	0.0044795164	5.6812371	18.611326
392.32	0.0045197279	5.6812858	18.611486
392.96	0.0045315659	5.6813272	18.611662
393.6	0.004542277	5.6813115	18.611565
394.24	0.004530454	5.6812625	18.611448
394.88	0.0044603538	5.6812405	18.611309
395.52	0.0044356333	5.6811805	18.611238
396.16	0.0044379081	5.6811316	18.611029
396.8	0.0043982803	5.6811805	18.611276
397.44	0.004465933	5.6811757	18.611183
398.08	0.0045165173	5.6812172	18.611302
398.72	0.004522345	5.6812957	18.611575
399.36	0.0045357862	5.6813269	18.611569
400	0.0045383692	5.681309	18.611605
400.64	0.0045252095	5.6812539	18.611463
401.28	0.0044602396	5.681225	18.611324
401.92	0.004459782	5.6811448	18.61112
402.56	0.0044213901	5.6811458	18.611101
403.2	0.0044205772	5.6811661	18.611194
403.84	0.0044971224	5.6811601	18.611155
404.48	0.0045297908	5.6812193	18.611332
405.12	0.0045419827	5.6812872	18.611515
405.76	0.0045736741	5.6812909	18.611462
406.4	0.0045267854	5.6813109	18.611517
407.04	0.0044824734	5.6812801	18.611489
407.68	0.0044763356	5.6811934	18.61125
408.32	0.0044285756	5.6811664	18.611159
408.96	0.0044319641	5.6811352	18.611101
409.6	0.0044427752	5.681153	18.611155
410.24	0.0044689499	5.6812023	18.611249
410.88	0.0045714984	5.681193	18.61131
411.52	0.0045719049	5.6812665	18.61141
412.16	0.0045665803	5.6812965	18.611545
412.8	0.0045644614	5.6812638	18.61144
413.44	0.0045115339	5.6812364	18.61133
414.08	0.0044539831	5.6812012	18.611305
414.72	0.0044428377	5.6811446	18.611152
415.36	0.0044371292	5.6811316	18.61106
416	0.0044241637	5.6811826	18.611225
416.64	0.0044581439	5.6812286	18.611392
417.28	0.0044999222	5.6812788	18.611441
417.92	0.0045616906	5.6812845	18.611428
418.56	0.0045879731	5.6812741	18.611495
419.2	0.0045118113	5.6813058	18.611564
419.84	0.0045134607	5.6812193	18.611337
420.48	0.0045112065	5.68113	18.61106
421.12	0.0044022176	5.6811761	18.611237
421.76	0.0044257948	5.6811441	18.611044
422.4	0.0044418604	5.6811757	18.611187
423.04	0.0045354111	5.6811676	18.611177
423.68	0.0045399131	5.6812526	18.611454
424.32	0.0045586394	5.6812935	18.611573
424.96	0.0045767227	5.6812819	18.611457
425.6	0.0045398452	5.6812653	18.611391
426.24	0.0044801637	5.6812368	18.61132
426.88	0.0044258618	5.6812017	18.611324
427.52	0.0044202848	5.6811527	18.611095
428.16	0.004382064	5.6811919	18.6113
428.8	0.0044307605	5.6811996	18.611256
429.44	0.0044688135	5.6812499	18.611405
430.08	0.0045472851	5.6812596	18.611462
430.72	0.0045553299	5.6813025	18.611566
431.36	0.0045632657	5.6812891	18.611516
432	0.0045459973	5.6812455	18.611366
432.64	0.0045037967	5.6811967	18.611261
433.28	0.0044530291	5.6811616	18.611165
433.92	0.0044385838	5.6811297	18.611086
434.56	0.004411749	5.6811685	18.6112
435.2	0.0044505275	5.6811938	18.611228
435.84	0.0044944007	5.6812418	18.611444
436.48	0.004537385	5.6812814	18.61146
437.12	0.0045692564	5.6812928	18.611574
437.76	0.0045522294	5.6812935	18.611573
438.4	0.0045134466	5.6812639	18.611403
439.04	0.0044282794	5.6812556	18.611451
439.68	0.004450698	5.6811523	18.611201
440.32	0.0044114718	5.681155	18.611073
440.96	0.0044364423	5.6811516	18.611205
441.6	0.0044697059	5.6811887	18.611265
442.24	0.0045031213	5.6812488	18.611306
442.88	0.004534207	5.6812966	18.611567
443.52	0.0045576107	5.6813056	18.611603
444.16	0.0045270543	5.6813097	18.61157
444.8	0.0044817015	5.6812802	18.611463
445.44	0.0044547725	5.6812133	18.611236
446.08	0.004451216	5.6811417	18.611165
446.72	0.0044273008	5.6811389	18.611111
447.36	0.0044675062	5.6811294	18.611129
448	0.0044785466	5.6811951	18.611323
448.64	0.0045030401	5.6812637	18.611485
449.28	0.0045612237	5.6812789	18.611451
449.92	0.0045614174	5.6813021	18.611467
450.56	0.00455055	5.6812767	18.611505
451.2	0.0045020209	5.6812442	18.611435
451.84	0.0044252968	5.6812281	18.611294
452.48	0.0044501149	5.6811344	18.611041
453.12	0.0043959625	5.6811711	18.611166
453.76	0.0044203587	5.6811863	18.611281
454.4	0.0044940365	5.681196	18.611258
455.04	0.0044854656	5.6812968	18.611528
455.68	0.0045669878	5.6812813	18.611466
456.32	0.0045872648	5.6812743	18.611482
456.96	0.0045403555	5.6812747	18.611521
457.6	0.0044738924	5.6812559	18.61139
458.24	0.0044297534	5.6812099	18.611269
458.88	0.0044362671	5.6811417	18.611083
459.52	0.0044626652	5.6811071	18.611029
460.16	0.0044529578	5.6811652	18.611153
460.8	0.004446163	5.6812588	18.611382
461.44	0.0045270538	5.6812703	18.611449
462.08	0.0045647707	5.6812908	18.611492
462.72	0.0045798433	5.6812781	18.611507
463.36	0.0045428358	5.6812606	18.611404
464	0.0044853924	5.6812285	18.61135
464.64	0.0044215541	5.6812035	18.611313
465.28	0.0044543844	5.6811179	18.611027
465.92	0.0044335074	5.6811404	18.611116
466.56	0.0044697059	5.6811616	18.611158
467.2	0.0044890455	5.6812322	18.611355
467.84	0.0045928401	5.6812177	18.611346
468.48	0.0045255048	5.6813359	18.611656
469.12	0.0045690426	5.6812838	18.611555
469.76	0.0045360977	5.681253	18.611279
470.4	0.0044597482	5.6812363	18.611356
471.04	0.0044548061	5.6811566	18.611136
471.68	0.0044277192	5.6811404	18.611124
472.32	0.0044382252	5.681143	18.611071
472.96	0.0044409233	5.6812035	18.611233
473.6	0.0044708826	5.6812669	18.611455
474.24	0.0045399453	5.6812832	18.611537
474.88	0.004527784	5.6813363	18.611659
475.52	0.0045414049	5.6813047	18.611583
476.16	0.0045214148	5.6812538	18.611384
476.8	0.0045235765	5.6811571	18.611226
477.44	0.0044400617	5.6811601	18.611098
478.08	0.0043991708	5.6811658	18.611152
478.72	0.0044120642	5.681177	18.611159
479.36	0.0044711335	5.6811893	18.611223
480	0.0045248537	5.6812295	18.611366
480.64	0.0045265429	5.6813059	18.611566
481.28	0.0045970764	5.6812681	18.611453
481.92	0.0045334631	5.6813037	18.611526
482.56	0.0045346907	5.6812256	18.611353
483.2	0.0044538718	5.6812122	18.611211
483.84	0.0044156688	5.681176	18.61124
484.48	0.0044017688	5.6811631	18.611159
485.12	0.0044134047	5.6811832	18.611176
485.76	0.0044858366	5.6811892	18.611264
486.4	0.0045497322	5.681219	18.611276
487.04	0.0045681964	5.6812745	18.611518
487.68	0.0045474656	5.6813168	18.611628
488.32	0.0045327205	5.6812953	18.611535
488.96	0.0044961049	5.6812492	18.611399
489.6	0.0044639761	5.6811878	18.611287
490.24	0.0044095508	5.6811737	18.611236
490.88	0.004401524	5.6811638	18.611143
491.52	0.0044511771	5.681155	18.611155
492.16	0.0044594401	5.6812298	18.611332
492.8	0.0045317923	5.6812517	18.611425
493.44	0.0045529542	5.681297	18.611601
494.08	0.0046045974	5.6812589	18.611444
494.72	0.0045279948	5.681288	18.611581
495.36	0.0044870164	5.681243	18.611364
496	0.0044432682	5.6811947	18.611303
496.64	0.0044235341	5.6811538	18.611197
497.28	0.0043835265	5.6811851	18.611188
497.92	0.004438271	5.6811783	18.611201
498.56	0.004468346	5.6812358	18.611331
499.2	0.0045114357	5.6812857	18.611492
499.84	0.0045669792	5.6812905	18.611447
