0	0.044306329	5.719225	18.715209
0.64	0.044177335	5.719636	18.716492
1.28	0.045161209	5.7193788	18.715838
1.92	0.045219676	5.7201976	18.717993
2.56	0.045563044	5.7205587	18.718847
3.2	0.045431076	5.720897	18.720047
3.84	0.045595016	5.7203817	18.718356
4.48	0.045101711	5.7201008	18.717609
5.12	0.044683103	5.7196534	18.716689
5.76	0.044411972	5.7193233	18.715447
6.4	0.044018172	5.7195648	18.71633
7.04	0.044601395	5.7193712	18.715794
7.68	0.044968629	5.7197688	18.716858
8.32	0.045208773	5.7203677	18.718284
8.96	0.045906462	5.720266	18.718296
9.6	0.045459896	5.7207984	18.719684
10.24	0.045541142	5.7202558	18.718122
10.88	0.044970586	5.7199791	18.717465
11.52	0.044697561	5.7193166	18.715902
12.16	0.044191362	5.7191646	18.715285
12.8	0.044080776	5.7191373	18.715204
13.44	0.044596068	5.7190691	18.715
14.08	0.044518344	5.7199927	18.717421
14.72	0.045581789	5.7198649	18.717242
15.36	0.045368011	5.7207334	18.719562
16	0.045581295	5.7206123	18.719306
16.64	0.04526045	5.7204145	18.718813
17.28	0.044948775	5.7198218	18.717266
17.92	0.044859407	5.7189965	18.714914
18.56	0.044254157	5.7189871	18.714991
19.2	0.044456211	5.7187321	18.714157
19.84	0.044074157	5.7196223	18.71638
20.48	0.044798633	5.7197987	18.717171
21.12	0.044792318	5.7207286	18.719546
21.76	0.045586589	5.7205301	18.718991
22.4	0.045815429	5.7203397	18.718515
23.04	0.045248321	5.7203445	18.71883
23.68	0.045034084	5.7196175	18.716635
24.32	0.044465626	5.7192464	18.715639
24.96	0.044107777	5.7190487	18.715187
25.6	0.043781163	5.7193986	18.715889
26.24	0.044375944	5.7194027	18.716072
26.88	0.045119667	5.7196159	18.716594
27.52	0.045393286	5.7202916	18.71854
28.16	0.045829109	5.720404	18.718941
28.8	0.045451186	5.7206737	18.71952
29.44	0.045067869	5.7203701	18.718723
30.08	0.044936463	5.7195246	18.716183
30.72	0.044633227	5.7189491	18.71451
31.36	0.044249608	5.7188888	18.714731
32	0.044295971	5.7189763	18.714875
32.64	0.044349257	5.7196203	18.716683
33.28	0.044914054	5.7200195	18.71773
33.92	0.045694661	5.720109	18.718022
34.56	0.04552989	5.7206912	18.719738
35.2	0.045365097	5.7206533	18.719405
35.84	0.045233776	5.7200178	18.717729
36.48	0.044298296	5.7199577	18.717536
37.12	0.044371883	5.7190575	18.715082
37.76	0.04442066	5.7186728	18.713999
38.4	0.043848417	5.7195193	18.716093
39.04	0.045003216	5.7191673	18.715411
39.68	0.044697015	5.7204694	18.718689
40.32	0.045827548	5.7201388	18.718148
40.96	0.045354466	5.7208872	18.719756
41.6	0.045414408	5.7204837	18.719047
42.24	0.045337571	5.7197378	18.716825
42.88	0.044522561	5.7195615	18.716217
43.52	0.044278664	5.719048	18.71494
44.16	0.044020084	5.7190894	18.715324
44.8	0.04435668	5.7191391	18.715105
45.44	0.044661855	5.7196827	18.716635
46.08	0.045307691	5.7200106	18.717624
46.72	0.045794891	5.7202394	18.718263
47.36	0.045665331	5.7205406	18.719059
48	0.045458835	5.7202985	18.718602
48.64	0.045080399	5.7198068	18.71729
49.28	0.044685877	5.7192394	18.715651
49.92	0.044117493	5.7191609	18.715358
50.56	0.044007965	5.7191454	18.715233
51.2	0.044412077	5.7192245	18.715508
51.84	0.044475688	5.7200377	18.717701
52.48	0.045666785	5.7198044	18.717158
53.12	0.045677055	5.7204393	18.718994
53.76	0.045380776	5.72078	18.719769
54.4	0.045509668	5.7200917	18.717808
55.04	0.044950823	5.7197269	18.716981
55.68	0.044654117	5.7190958	18.715013
56.32	0.044147335	5.719027	18.714839
56.96	0.043960349	5.7192269	18.715629
57.6	0.044342858	5.7194426	18.715963
58.24	0.044644225	5.7200894	18.717871
58.88	0.04555149	5.7201058	18.717804
59.52	0.045685983	5.7205063	18.719054
60.16	0.045663077	5.720442	18.718972
60.8	0.045338744	5.7201055	18.718118
61.44	0.044675612	5.7197939	18.716961
62.08	0.044463821	5.7191183	18.714964
62.72	0.044194855	5.7189204	18.714686
63.36	0.044292694	5.7189419	18.714819
64	0.044265017	5.7196633	18.716771
64.64	0.04515044	5.7197878	18.717289
65.28	0.045565569	5.72027	18.718263
65.92	0.045639106	5.7206384	18.719406
66.56	0.045796599	5.7202815	18.718371
67.2	0.045250983	5.7200592	18.71764
67.84	0.044572198	5.7197163	18.716846
68.48	0.044167006	5.7192637	18.715751
69.12	0.044004893	5.7190511	18.715035
69.76	0.044234197	5.7190791	18.715067
70.4	0.044346999	5.7197423	18.716908
71.04	0.044860255	5.7202323	18.718353
71.68	0.045488721	5.7204461	18.718763
72.32	0.045777578	5.7204925	18.718945
72.96	0.045275193	5.7206723	18.719568
73.6	0.045505386	5.719607	18.716657
74.24	0.044525634	5.7195939	18.716647
74.88	0.044466013	5.7188712	18.714575
75.52	0.044337382	5.7187434	18.714293
76.16	0.044260511	5.7191817	18.715242
76.8	0.044662009	5.7196095	18.716415
77.44	0.045318835	5.7199559	18.717629
78.08	0.045366226	5.7206679	18.719044
78.72	0.045085024	5.7211717	18.720741
79.36	0.045494898	5.7203511	18.718326
80	0.044894014	5.7200736	18.717882
80.64	0.044121815	5.7198538	18.717252
81.28	0.044169666	5.7190808	18.714958
81.92	0.044035475	5.7190578	18.715092
82.56	0.044437733	5.7190828	18.715191
83.2	0.044535472	5.7198581	18.717394
83.84	0.045213657	5.7201583	18.718002
84.48	0.045718058	5.7203531	18.718375
85.12	0.045549179	5.7206585	18.719437
85.76	0.045051931	5.7206765	18.719708
86.4	0.045177526	5.7196438	18.716387
87.04	0.044643773	5.7192261	18.715363
87.68	0.043972452	5.7192661	18.715574
88.32	0.04434155	5.718825	18.714448
88.96	0.044484126	5.7191722	18.715274
89.6	0.044951933	5.7196038	18.716561
90.24	0.045501355	5.7200052	18.717862
90.88	0.045652902	5.7204867	18.71895
91.52	0.046007646	5.72015	18.717931
92.16	0.045146625	5.7204368	18.71892
92.8	0.044546019	5.7201025	18.717863
93.44	0.044320225	5.7194041	18.716095
94.08	0.044437813	5.7187332	18.714131
94.72	0.044207265	5.7189941	18.715062
95.36	0.044735058	5.7190629	18.715272
96	0.045236606	5.719503	18.716239
96.64	0.045346489	5.7203105	18.718477
97.28	0.045578662	5.7206116	18.719174
97.92	0.0455348	5.7205715	18.719061
98.56	0.045524844	5.719911	18.717065
99.2	0.04442185	5.7200648	18.717786
99.84	0.044244817	5.7193674	18.715903
100.48	0.044163276	5.7189881	18.714963
101.12	0.043890588	5.7193921	18.715891
101.76	0.044356739	5.7195816	18.7164
102.4	0.044917335	5.7199739	18.717481
103.04	0.045734251	5.7200169	18.71771
103.68	0.045307628	5.720874	18.720215
104.32	0.0457938	5.720202	18.718288
104.96	0.045197723	5.7201017	18.71785
105.6	0.044712806	5.7196255	18.71647
106.24	0.044370264	5.7191606	18.715273
106.88	0.044445491	5.7187126	18.713988
107.52	0.044114443	5.7192622	18.715594
108.16	0.045081843	5.7190178	18.714741
108.8	0.045294495	5.7197456	18.716944
109.44	0.045834382	5.7200086	18.717656
110.08	0.045948466	5.7202355	18.718335
110.72	0.045694259	5.7202196	18.718418
111.36	0.045284471	5.7198561	18.717179
112	0.044906022	5.7192687	18.715648
112.64	0.044464871	5.7189593	18.714624
113.28	0.044329793	5.7188255	18.714437
113.92	0.044007251	5.7194499	18.716196
114.56	0.044805739	5.7194465	18.716141
115.2	0.04519027	5.7200125	18.717646
115.84	0.045614427	5.7203366	18.7185
116.48	0.045506754	5.7206711	18.719344
117.12	0.045434253	5.7203608	18.718562
117.76	0.044892669	5.7200715	18.71758
118.4	0.044511372	5.7195018	18.716229
119.04	0.044169085	5.719145	18.715401
119.68	0.044332115	5.7188064	18.714258
120.32	0.044427883	5.7191261	18.715292
120.96	0.044415006	5.7199864	18.717518
121.6	0.045073027	5.7203025	18.718353
122.24	0.045368065	5.7206959	18.71961
122.88	0.045563601	5.7206158	18.719189
123.52	0.045932885	5.7197604	18.716922
124.16	0.0448721	5.7199355	18.7174
124.8	0.044467791	5.7193966	18.715935
125.44	0.043701392	5.7195246	18.716138
126.08	0.043987838	5.719186	18.71525
126.72	0.044214849	5.7194735	18.716117
127.36	0.044751098	5.7198477	18.717214
128	0.045516083	5.7200153	18.717545
128.64	0.045421946	5.7207074	18.719614
129.28	0.045498455	5.7206397	18.719195
129.92	0.045392638	5.7201668	18.718126
130.56	0.044918409	5.7197142	18.716958
131.2	0.044220679	5.7195118	18.71627
131.84	0.043734661	5.7194817	18.716093
132.48	0.044481887	5.7187746	18.714021
133.12	0.044881498	5.7189635	18.71484
133.76	0.044902026	5.7198587	18.717217
134.4	0.045434073	5.7202125	18.718217
135.04	0.04555153	5.7205892	18.719246
135.68	0.045902046	5.7201322	18.717915
136.32	0.0452944	5.7200857	18.717979
136.96	0.044765808	5.7196816	18.71683
137.6	0.044200503	5.7194041	18.716007
138.24	0.044169937	5.719006	18.714751
138.88	0.044548751	5.7187723	18.714402
139.52	0.044353704	5.7196338	18.716629
140.16	0.045435509	5.719479	18.716133
140.8	0.045155764	5.7205913	18.719273
141.44	0.045664199	5.7205007	18.718918
142.08	0.045868718	5.7201159	18.717963
142.72	0.045089337	5.7201772	18.718208
143.36	0.044989494	5.7193339	18.715729
144	0.044157652	5.7193534	18.716001
144.64	0.044099013	5.7190664	18.715247
145.28	0.044055188	5.7193269	18.715719
145.92	0.04456726	5.7195394	18.716303
146.56	0.045428498	5.7196287	18.716421
147.2	0.045732909	5.7201254	18.717916
147.84	0.0454806	5.7207	18.719476
148.48	0.045338344	5.7205538	18.718867
149.12	0.045073956	5.7200504	18.717749
149.76	0.044794364	5.7193766	18.71613
150.4	0.044458812	5.7189662	18.71521
151.04	0.043977779	5.7191859	18.715227
151.68	0.044267286	5.7192143	18.715594
152.32	0.04453375	5.7197368	18.716814
152.96	0.045002368	5.7202115	18.718242
153.6	0.045560282	5.7203844	18.718765
154.24	0.045463791	5.7207012	18.719473
154.88	0.045745934	5.7200297	18.717868
155.52	0.045187091	5.7197824	18.716956
156.16	0.044480111	5.7195715	18.716444
156.8	0.044680505	5.7186888	18.713905
157.44	0.044017822	5.7191808	18.715347
158.08	0.044286778	5.7193175	18.715625
158.72	0.045066961	5.7193347	18.715928
159.36	0.045249633	5.7200696	18.717841
160	0.045478414	5.7205207	18.718796
160.64	0.045614833	5.7205159	18.718951
161.28	0.045250814	5.7204412	18.719045
161.92	0.044887599	5.7199315	18.717276
162.56	0.044700673	5.7192084	18.715581
163.2	0.044512606	5.7187919	18.71455
163.84	0.044007861	5.7192113	18.715316
164.48	0.044366991	5.7193342	18.7156
165.12	0.044602177	5.71996	18.717551
165.76	0.045318659	5.720161	18.71803
166.4	0.045591504	5.7204776	18.719081
167.04	0.045406833	5.7206828	18.719562
167.68	0.045316246	5.7202245	18.718321
168.32	0.044787345	5.7198615	18.717445
168.96	0.044124331	5.7196551	18.716702
169.6	0.044071306	5.7191864	18.71511
170.24	0.04439334	5.7188895	18.714545
170.88	0.044223295	5.7196237	18.716644
171.52	0.044993728	5.7197418	18.716943
172.16	0.045168173	5.7204448	18.719098
172.8	0.04585681	5.7202632	18.71823
173.44	0.045710918	5.7203281	18.718535
174.08	0.045347072	5.720067	18.717717
174.72	0.044807613	5.7196899	18.716924
175.36	0.044405125	5.7192373	18.715728
176	0.043936821	5.7192602	18.715763
176.64	0.044157539	5.7191593	18.715278
177.28	0.044697321	5.7192744	18.71563
177.92	0.045527456	5.7193723	18.715885
178.56	0.04555033	5.7201985	18.718188
179.2	0.045716708	5.7204498	18.718607
179.84	0.045588871	5.7203827	18.718606
180.48	0.045437564	5.7198142	18.717095
181.12	0.044510229	5.7197878	18.717032
181.76	0.044336891	5.7191655	18.715252
182.4	0.044006442	5.7191567	18.715419
183.04	0.0443996	5.7190177	18.714939
183.68	0.044447225	5.7197034	18.716779
184.32	0.045225539	5.7198643	18.717234
184.96	0.045429381	5.7204316	18.71871
185.6	0.045711657	5.7204626	18.719001
186.24	0.045276336	5.7205957	18.71934
186.88	0.045257273	5.7198365	18.71724
187.52	0.044296197	5.7198578	18.717325
188.16	0.04454013	5.7188752	18.714531
188.8	0.044021846	5.7191339	18.715383
189.44	0.044116385	5.7193723	18.716128
190.08	0.044911605	5.7193725	18.716038
190.72	0.045357843	5.71987	18.717369
191.36	0.045578685	5.720373	18.71867
192	0.045362166	5.7207989	18.719742
192.64	0.045311046	5.7204742	18.718653
193.28	0.044974712	5.7199771	18.717754
193.92	0.043943477	5.720067	18.717824
194.56	0.043975104	5.7193633	18.715749
195.2	0.043911701	5.7192894	18.71563
195.84	0.044381062	5.7192249	18.715413
196.48	0.044832224	5.7196077	18.716619
197.12	0.045122486	5.7202317	18.718144
197.76	0.045343006	5.7206671	18.719512
198.4	0.045779612	5.720336	18.718803
199.04	0.045417593	5.7202098	18.718177
199.68	0.045075687	5.7196858	18.716802
200.32	0.045135283	5.7187429	18.714279
200.96	0.044230236	5.7190638	18.715167
201.6	0.043959342	5.7192819	18.715763
202.24	0.044577768	5.7191616	18.715496
202.88	0.044769278	5.7198441	18.717105
203.52	0.045028614	5.7204835	18.718844
204.16	0.045813049	5.7202544	18.718545
204.8	0.045735878	5.7203279	18.718535
205.44	0.045171307	5.720328	18.718562
206.08	0.044868974	5.7197403	18.71684
206.72	0.044391633	5.7193558	18.715768
207.36	0.044135331	5.7191101	18.715316
208	0.04382508	5.7194668	18.716203
208.64	0.044279073	5.7196103	18.71642
209.28	0.045069347	5.7197256	18.716806
209.92	0.045491316	5.7201559	18.718162
210.56	0.04567139	5.7204399	18.718808
211.2	0.045378112	5.7206102	18.719285
211.84	0.045070915	5.7202742	18.718286
212.48	0.044564475	5.7198857	18.71735
213.12	0.044167967	5.7194761	18.715958
213.76	0.044207172	5.7190361	18.714854
214.4	0.043860406	5.7195044	18.716291
215.04	0.044729586	5.7192792	18.715588
215.68	0.044977918	5.7199317	18.717492
216.32	0.045477369	5.7202484	18.717907
216.96	0.045467694	5.7206397	18.719292
217.6	0.045380269	5.720523	18.719112
218.24	0.045079913	5.7201258	18.717952
218.88	0.044395134	5.7199036	18.717567
219.52	0.044289881	5.7192568	18.715481
220.16	0.04411636	5.7191116	18.715195
220.8	0.044444948	5.7190271	18.714896
221.44	0.045200584	5.7189842	18.714761
222.08	0.045399679	5.7196887	18.716578
222.72	0.045167323	5.7206536	18.719284
223.36	0.045885435	5.7202186	18.71806
224	0.045333644	5.7204758	18.718976
224.64	0.045108006	5.7199295	18.71777
225.28	0.044663141	5.7194675	18.716471
225.92	0.044490949	5.7189489	18.714741
226.56	0.044122507	5.7190973	18.714938
227.2	0.04432664	5.7192361	18.715352
227.84	0.044382257	5.7199567	18.717494
228.48	0.045369183	5.719882	18.717315
229.12	0.045510679	5.7204217	18.718868
229.76	0.045365909	5.720758	18.719731
230.4	0.045225652	5.7204757	18.718898
231.04	0.044899496	5.7199901	18.717694
231.68	0.044325495	5.7196608	18.716722
232.32	0.044223642	5.719128	18.715406
232.96	0.044032032	5.7191946	18.715366
233.6	0.04462743	5.7190353	18.714645
234.24	0.045342338	5.7191497	18.715356
234.88	0.045462508	5.7199322	18.717352
235.52	0.045652752	5.7203717	18.718709
236.16	0.04530908	5.720785	18.719594
236.8	0.045363666	5.7202345	18.718297
237.44	0.044914942	5.7198036	18.716995
238.08	0.044501219	5.719324	18.715539
238.72	0.044179181	5.719097	18.715137
239.36	0.04434954	5.7189147	18.714473
240	0.044405826	5.7193836	18.715894
240.64	0.045069629	5.7195982	18.716573
241.28	0.045105575	5.7204297	18.718837
241.92	0.045583181	5.7204886	18.719066
242.56	0.045618617	5.7204282	18.718922
243.2	0.045000992	5.7204734	18.718898
243.84	0.045052968	5.7195326	18.716488
244.48	0.044329577	5.7193966	18.715792
245.12	0.044023841	5.7191993	18.715517
245.76	0.044179033	5.7191171	18.715228
246.4	0.044647491	5.7192347	18.71543
247.04	0.045078035	5.7197169	18.716858
247.68	0.045386744	5.7202603	18.718319
248.32	0.045623773	5.7204918	18.71926
248.96	0.045640795	5.7203625	18.718422
249.6	0.045236575	5.7201344	18.7179
250.24	0.0446047	5.7198446	18.717164
250.88	0.044599633	5.719033	18.714979
251.52	0.043987761	5.7192185	18.715429
252.16	0.044158511	5.7191918	18.715266
252.8	0.04424395	5.7197684	18.71699
253.44	0.044942842	5.7199877	18.717557
254.08	0.045102885	5.7206476	18.719481
254.72	0.045556823	5.7205878	18.719201
255.36	0.045553331	5.7203677	18.718618
256	0.044832495	5.7203808	18.718609
256.64	0.044960815	5.719346	18.715813
257.28	0.044315991	5.7192196	18.715528
257.92	0.044158712	5.7190578	18.715176
258.56	0.043970963	5.7194808	18.716379
259.2	0.044528244	5.7196386	18.716651
259.84	0.045338941	5.7197395	18.716874
260.48	0.045801147	5.7200335	18.717762
261.12	0.045701171	5.7204027	18.718668
261.76	0.045119248	5.7206885	18.719193
262.4	0.045326093	5.7197316	18.71702
263.04	0.044863588	5.719296	18.715728
263.68	0.044620733	5.7188337	18.714514
264.32	0.044247461	5.7189741	18.71479
264.96	0.044134371	5.7193978	18.716065
265.6	0.044793059	5.7195046	18.716333
266.24	0.045242792	5.7199694	18.717335
266.88	0.045433227	5.7204732	18.718937
267.52	0.045363479	5.720743	18.719771
268.16	0.045511983	5.7202174	18.718371
268.8	0.044967751	5.7199566	18.717372
269.44	0.04432677	5.7196923	18.716635
270.08	0.044413443	5.718966	18.714762
270.72	0.044032203	5.7191937	18.71545
271.36	0.044193891	5.7194403	18.716093
272	0.044697458	5.7197539	18.716837
272.64	0.045307598	5.7200517	18.717715
273.28	0.045316651	5.7206826	18.719464
273.92	0.045339446	5.7207817	18.719685
274.56	0.045020426	5.7206447	18.719425
275.2	0.04516505	5.7196434	18.716636
275.84	0.044752042	5.7191514	18.715307
276.48	0.044362929	5.7189534	18.714672
277.12	0.044431084	5.7188083	18.714362
277.76	0.044475096	5.7192411	18.715598
278.4	0.044894613	5.7196664	18.716639
279.04	0.044991471	5.720468	18.718983
279.68	0.045220858	5.7208287	18.719826
280.32	0.045594023	5.7204881	18.718971
280.96	0.045383832	5.7201434	18.71791
281.6	0.044670164	5.719971	18.717621
282.24	0.044517452	5.7192537	18.715402
282.88	0.044150471	5.7191201	18.715366
283.52	0.044374113	5.7189304	18.71456
284.16	0.04484003	5.7190306	18.71491
284.8	0.045025954	5.7197309	18.716822
285.44	0.045231863	5.7203923	18.718768
286.08	0.045700057	5.7204096	18.718913
286.72	0.045633244	5.7203902	18.718871
287.36	0.045210325	5.7202009	18.718098
288	0.04465037	5.7198556	18.717187
288.64	0.044317224	5.7193574	18.715677
289.28	0.043938999	5.7193116	18.715513
289.92	0.044114334	5.7192677	18.715547
290.56	0.044755864	5.7192638	18.715492
291.2	0.044778126	5.7201315	18.717866
291.84	0.045515698	5.7202088	18.718274
292.48	0.045607802	5.7204992	18.719035
293.12	0.045446627	5.7204721	18.718934
293.76	0.045032661	5.7201813	18.717911
294.4	0.044690354	5.7196136	18.716463
295.04	0.044218625	5.7193153	18.715747
295.68	0.04422646	5.7190041	18.715053
296.32	0.044271968	5.7192169	18.71543
296.96	0.044751886	5.71945	18.715896
297.6	0.045292711	5.7198202	18.717119
298.24	0.045458809	5.7203995	18.718626
298.88	0.045510732	5.7206323	18.719294
299.52	0.045414421	5.7204288	18.718725
300.16	0.044983409	5.7200933	18.717729
300.8	0.044281857	5.7198765	18.717419
301.44	0.044332602	5.7191107	18.715142
302.08	0.044353468	5.7188616	18.714466
302.72	0.044230911	5.7193216	18.715767
303.36	0.044879039	5.719445	18.716024
304	0.044659874	5.7205757	18.719257
304.64	0.04569907	5.7202379	18.718366
305.28	0.045531126	5.7205891	18.7191
305.92	0.045536234	5.7201722	18.717929
306.56	0.04453929	5.7203513	18.718661
307.2	0.044582488	5.7193976	18.716079
307.84	0.044516831	5.718828	18.714668
308.48	0.044234092	5.7189949	18.714768
309.12	0.044385575	5.7192803	18.715763
309.76	0.044795451	5.7196943	18.716925
310.4	0.045631598	5.7197527	18.717001
311.04	0.045547591	5.7204699	18.71899
311.68	0.045870112	5.7202265	18.718224
312.32	0.045435673	5.7201573	18.717956
312.96	0.045245003	5.7195054	18.716332
313.6	0.044614782	5.7192503	18.715567
314.24	0.044123177	5.7191665	18.715425
314.88	0.044291233	5.7189571	18.714891
315.52	0.044363552	5.7194015	18.716072
316.16	0.045096107	5.719525	18.716281
316.8	0.045325458	5.7201807	18.71833
317.44	0.045608687	5.7204537	18.718681
318.08	0.045522207	5.7205365	18.719204
318.72	0.045319354	5.7201693	18.71804
319.36	0.044842934	5.7197495	18.717091
320	0.044528693	5.7192073	18.715395
320.64	0.044310114	5.7189468	18.714697
321.28	0.044141852	5.7191688	18.715325
321.92	0.04433443	5.7195683	18.71649
322.56	0.044645776	5.7201523	18.717928
323.2	0.045708805	5.7199304	18.717402
323.84	0.045976023	5.720115	18.718003
324.48	0.045518195	5.7204555	18.719173
325.12	0.04515411	5.7201822	18.71795
325.76	0.044628291	5.7198004	18.717079
326.4	0.044084092	5.7195313	18.716003
327.04	0.044463169	5.71874	18.71426
327.68	0.044089575	5.7192822	18.715659
328.32	0.044432751	5.7196078	18.716389
328.96	0.045098261	5.7198695	18.717271
329.6	0.045529429	5.7202454	18.718449
330.24	0.045691401	5.7204503	18.718985
330.88	0.045367082	5.7205465	18.719213
331.52	0.044942267	5.7202451	18.718166
332.16	0.044833251	5.7194278	18.715976
332.8	0.044247718	5.7192452	18.71547
333.44	0.044167278	5.7190106	18.715116
334.08	0.044366934	5.7190806	18.715185
334.72	0.044521387	5.719671	18.716757
335.36	0.04536394	5.7197694	18.7171
336	0.045496249	5.7203975	18.71879
336.64	0.045554016	5.7205995	18.719019
337.28	0.045433244	5.7203854	18.718391
337.92	0.045291479	5.7197343	18.716767
338.56	0.044764954	5.7193288	18.7159
339.2	0.044096631	5.7192855	18.71577
339.84	0.043881431	5.7192804	18.715689
340.48	0.044158161	5.7193724	18.715913
341.12	0.044977389	5.7193757	18.715992
341.76	0.045138141	5.7201657	18.718152
342.4	0.045574548	5.7204209	18.719026
343.04	0.045581092	5.720584	18.71905
343.68	0.045358217	5.7203486	18.718252
344.32	0.045018425	5.7198237	18.717287
344.96	0.044785302	5.7191284	18.715255
345.6	0.044319986	5.7189758	18.714719
346.24	0.04418303	5.7190186	18.715064
346.88	0.04438215	5.7192901	18.715595
347.52	0.045062027	5.7194751	18.716416
348.16	0.045033476	5.7204292	18.718652
348.8	0.0456177	5.7204571	18.71884
349.44	0.04595521	5.7201539	18.718083
350.08	0.045141246	5.7204254	18.719051
350.72	0.044965429	5.7196938	18.716658
351.36	0.044431438	5.719334	18.71587
352	0.044217601	5.7190177	18.715006
352.64	0.044457839	5.7188021	18.714223
353.28	0.044543338	5.7192818	18.715809
353.92	0.044712035	5.7200175	18.717777
354.56	0.045528507	5.7200909	18.717696
355.2	0.045769414	5.7203516	18.718507
355.84	0.045779141	5.7202721	18.718464
356.48	0.045382957	5.7200282	18.717568
357.12	0.044528599	5.7199622	18.717634
357.76	0.044537859	5.7191018	18.715264
358.4	0.043828176	5.7193599	18.715814
359.04	0.044199826	5.7191091	18.715281
359.68	0.044890562	5.719064	18.714903
360.32	0.045157681	5.7197332	18.716863
360.96	0.045663178	5.7200761	18.717658
361.6	0.045533898	5.7206386	18.719248
362.24	0.045781624	5.7202197	18.718136
362.88	0.045037805	5.7202737	18.718347
363.52	0.044178751	5.7201846	18.71814
364.16	0.044685669	5.7188511	18.714278
364.8	0.044180417	5.7189817	18.714713
365.44	0.044238205	5.7191463	18.715398
366.08	0.04436814	5.7197458	18.716986
366.72	0.045147229	5.719903	18.717348
367.36	0.045225219	5.7206067	18.71934
368	0.045507516	5.7206523	18.71945
368.64	0.045551051	5.7203334	18.718617
369.28	0.045501012	5.7196137	18.716694
369.92	0.044699238	5.71948	18.716188
370.56	0.044385699	5.7190546	18.715186
371.2	0.044250355	5.7189253	18.714644
371.84	0.044474469	5.7190004	18.714882
372.48	0.044887705	5.7193662	18.715952
373.12	0.045414992	5.7197665	18.717045
373.76	0.045567326	5.7203447	18.718402
374.4	0.045400633	5.72074	18.719659
375.04	0.045149496	5.7206338	18.719604
375.68	0.045127036	5.7198496	18.717147
376.32	0.044360846	5.719677	18.716624
376.96	0.04425936	5.7191097	18.715315
377.6	0.044084154	5.7191148	18.715263
378.24	0.044585981	5.7190249	18.714995
378.88	0.04458779	5.7198338	18.716936
379.52	0.044953402	5.7203932	18.718734
380.16	0.045877258	5.7201244	18.717793
380.8	0.045699465	5.720414	18.718845
381.44	0.045219052	5.7204223	18.718985
382.08	0.044608047	5.720184	18.718186
382.72	0.044389711	5.7195091	18.716279
383.36	0.043925305	5.7193792	18.715937
384	0.044031188	5.719204	18.71568
384.64	0.044659161	5.7190655	18.715114
385.28	0.045095054	5.719497	18.716282
385.92	0.044981294	5.7204994	18.718887
386.56	0.045571125	5.7204826	18.718941
387.2	0.045213567	5.7208507	18.719913
387.84	0.045274377	5.7202372	18.718231
388.48	0.044620921	5.7199909	18.717794
389.12	0.044732358	5.7190085	18.714914
389.76	0.044184617	5.7190352	18.71484
390.4	0.044577448	5.7186817	18.714187
391.04	0.044466661	5.7193842	18.715838
391.68	0.044707902	5.7200491	18.717779
392.32	0.045782479	5.7198537	18.717448
392.96	0.045372536	5.7207574	18.719484
393.6	0.045701489	5.720338	18.718454
394.24	0.04547006	5.719922	18.717374
394.88	0.044747921	5.7197149	18.716845
395.52	0.044471345	5.7191438	18.71528
396.16	0.044002721	5.7191927	18.715636
396.8	0.044066102	5.7192851	18.715727
397.44	0.044799974	5.7192171	18.715552
398.08	0.045046325	5.7198756	18.717216
398.72	0.045285567	5.7204629	18.718928
399.36	0.045836724	5.7202863	18.718516
400	0.045665632	5.7202623	18.718378
400.64	0.045168319	5.720056	18.71752
401.28	0.044739742	5.7195408	18.71625
401.92	0.044343303	5.7191619	18.715315
402.56	0.043894508	5.7192855	18.715569
403.2	0.044064577	5.719372	18.715811
403.84	0.044463644	5.7196983	18.716812
404.48	0.045021171	5.7200912	18.717818
405.12	0.045554668	5.720335	18.71837
405.76	0.045858397	5.7203029	18.718549
406.4	0.04576676	5.7200798	18.717773
407.04	0.04510927	5.7199399	18.717317
407.68	0.044463405	5.7196461	18.716619
408.32	0.044319809	5.7190766	18.715119
408.96	0.044060868	5.7191127	18.715248
409.6	0.044572281	5.7189625	18.714634
410.24	0.044775758	5.7195614	18.716835
410.88	0.044877088	5.7203938	18.718749
411.52	0.045371758	5.720599	18.718922
412.16	0.045741478	5.7204012	18.71894
412.8	0.045662856	5.7200739	18.71776
413.44	0.045132439	5.7197709	18.716936
414.08	0.044591968	5.7193842	18.716153
414.72	0.04413943	5.7191909	18.715557
415.36	0.044068203	5.7191446	18.71526
416	0.04450194	5.719155	18.715291
416.64	0.044425031	5.7200879	18.71773
417.28	0.045158693	5.7202543	18.718288
417.92	0.045825209	5.7202061	18.718513
418.56	0.045555501	5.7205575	18.719183
419.2	0.045316944	5.7202812	18.718415
419.84	0.045222238	5.7195035	18.716351
420.48	0.044938138	5.7188922	18.714503
421.12	0.044183537	5.7190704	18.715267
421.76	0.044478676	5.7187623	18.714292
422.4	0.044373141	5.7194127	18.715991
423.04	0.044783466	5.7198886	18.717262
423.68	0.045253257	5.7202992	18.718526
424.32	0.045616778	5.7204775	18.71913
424.96	0.045527509	5.7205355	18.719266
425.6	0.045205459	5.720262	18.718214
426.24	0.04489031	5.7196734	18.716763
426.88	0.044115386	5.7196003	18.716258
427.52	0.044243302	5.7189911	18.714801
428.16	0.044159271	5.7191517	18.715359
428.8	0.044192613	5.7197199	18.716687
429.44	0.044862765	5.7199745	18.717319
430.08	0.045626988	5.7200623	18.717736
430.72	0.045827696	5.7203073	18.718654
431.36	0.045367466	5.7206293	18.719422
432	0.044909182	5.7204302	18.718788
432.64	0.044994292	5.7194349	18.716148
433.28	0.044542014	5.7190692	18.715041
433.92	0.044174837	5.7190198	18.714797
434.56	0.044272566	5.7190981	18.714953
435.2	0.04425856	5.7197908	18.717073
435.84	0.045013384	5.7199523	18.71747
436.48	0.045030542	5.7207358	18.719561
437.12	0.045538804	5.7205978	18.719399
437.76	0.045874369	5.7200453	18.717553
438.4	0.044673352	5.7205422	18.719108
439.04	0.044722801	5.7195894	18.71653
439.68	0.044559127	5.7189813	18.71503
440.32	0.044264081	5.7189338	18.714725
440.96	0.044348623	5.7190812	18.715132
441.6	0.044265668	5.7198735	18.71721
442.24	0.045064466	5.7200128	18.717712
442.88	0.045761704	5.7200824	18.717824
443.52	0.045535465	5.7206075	18.719259
444.16	0.045500746	5.7203449	18.718394
444.8	0.045303406	5.7197739	18.717371
445.44	0.04451719	5.7196505	18.716615
446.08	0.044520606	5.7189416	18.714865
446.72	0.044145393	5.7190764	18.715069
447.36	0.04483711	5.7186991	18.714218
448	0.04479446	5.7195165	18.716183
448.64	0.04554434	5.7196988	18.716881
449.28	0.045492076	5.7204498	18.718752
449.92	0.045535581	5.7205929	18.719196
450.56	0.045522489	5.7202074	18.717937
451.2	0.045126121	5.7197798	18.716898
451.84	0.044202294	5.7197904	18.717106
452.48	0.044222716	5.7191278	18.715256
453.12	0.043891618	5.719319	18.715615
453.76	0.044610255	5.7190251	18.715121
454.4	0.044740732	5.7197259	18.717054
455.04	0.045245045	5.7201462	18.71773
455.68	0.045715649	5.7203092	18.718489
456.32	0.045713334	5.7204056	18.718379
456.96	0.045373852	5.7202549	18.718461
457.6	0.045036306	5.7197202	18.716903
458.24	0.04472113	5.719126	18.715154
458.88	0.044401652	5.7188583	18.714474
459.52	0.044189553	5.7190437	18.714966
460.16	0.044192213	5.7195524	18.716483
460.8	0.045012798	5.7196221	18.716731
461.44	0.045511961	5.7200278	18.717682
462.08	0.045847526	5.7202447	18.718469
462.72	0.045560119	5.7205043	18.719033
463.36	0.045662198	5.7198166	18.717061
464	0.04466986	5.719902	18.717382
464.64	0.04447674	5.7192394	18.715481
465.28	0.044100615	5.7191363	18.715028
465.92	0.044089512	5.7192113	18.71546
466.56	0.044227841	5.719671	18.716756
467.2	0.044765807	5.7200323	18.717466
467.84	0.04514314	5.7205076	18.719124
468.48	0.045793136	5.7203107	18.718309
469.12	0.045650537	5.7203424	18.718644
469.76	0.045686682	5.7196589	18.716689
470.4	0.044601421	5.7198151	18.716995
471.04	0.044397112	5.7192184	18.715486
471.68	0.044036484	5.7191833	18.715246
472.32	0.04438926	5.7189965	18.714734
472.96	0.044487917	5.7195557	18.716437
473.6	0.04537089	5.7195817	18.716655
474.24	0.045240195	5.720506	18.718964
474.88	0.045584934	5.7205273	18.719145
475.52	0.045345396	5.7205439	18.719111
476.16	0.045209951	5.7199689	18.717723
476.8	0.044926052	5.7193498	18.715823
477.44	0.044161369	5.7193659	18.715929
478.08	0.044337483	5.7188908	18.714476
478.72	0.0441142	5.7193727	18.715821
479.36	0.044858696	5.7193366	18.715845
480	0.045280211	5.7197987	18.716993
480.64	0.045796432	5.7200214	18.717602
481.28	0.045350749	5.7207518	18.719735
481.92	0.045356494	5.7204454	18.718759
482.56	0.045261251	5.7197855	18.717144
483.2	0.044622909	5.7195365	18.716471
483.84	0.044364172	5.719095	18.715149
484.48	0.044315323	5.7189175	18.71483
485.12	0.044380342	5.7191841	18.715503
485.76	0.045112272	5.7192118	18.715438
486.4	0.045228642	5.7199859	18.717474
487.04	0.045441714	5.7204493	18.718841
487.68	0.045261163	5.7208039	18.71962
488.32	0.045207389	5.7204638	18.71872
488.96	0.045049422	5.7198406	18.717107
489.6	0.04431149	5.71971	18.717065
490.24	0.044288278	5.719125	18.715382
490.88	0.044173638	5.7191108	18.715246
491.52	0.044000454	5.719688	18.7167
492.16	0.044898307	5.719586	18.716417
492.8	0.045164743	5.7201797	18.718197
493.44	0.045576159	5.7203684	18.718614
494.08	0.045622334	5.7203974	18.71852
494.72	0.045322171	5.7202332	18.718143
495.36	0.044985217	5.7197449	18.716891
496	0.044716598	5.7191689	18.715185
496.64	0.044373071	5.7189892	18.71489
497.28	0.044742148	5.7186088	18.713947
497.92	0.044716455	5.7191171	18.715184
498.56	0.04460932	5.7200377	18.717578
499.2	0.044963003	5.7205121	18.71884
499.84	0.045727897	5.7202631	18.718319
