0	0.044568789	5.72407	18.729742
0.64	0.044284961	5.7246244	18.731424
1.28	0.044870678	5.7247546	18.731466
1.92	0.045429659	5.7250897	18.73249
2.56	0.04539932	5.7258174	18.73421
3.2	0.045494315	5.7259668	18.734688
3.84	0.045382675	5.7257542	18.73415
4.48	0.045176015	5.7251987	18.732617
5.12	0.04480608	5.7246828	18.731272
5.76	0.044409996	5.7244274	18.730594
6.4	0.043982354	5.7246677	18.731216
7.04	0.044237843	5.7247642	18.73163
7.68	0.044684897	5.7250893	18.732175
8.32	0.045149822	5.7255037	18.733554
8.96	0.04541714	5.7258672	18.734641
9.6	0.045944314	5.7254826	18.733329
10.24	0.04536631	5.7256311	18.733777
10.88	0.045105978	5.7250734	18.732189
11.52	0.044228121	5.7250707	18.732359
12.16	0.044050504	5.7246474	18.731077
12.8	0.044225238	5.7243627	18.730353
13.44	0.044665896	5.7243568	18.73007
14.08	0.045162428	5.7246454	18.73105
14.72	0.045236447	5.7254077	18.733137
15.36	0.045465351	5.7257407	18.733994
16	0.04573873	5.725519	18.733692
16.64	0.045254044	5.7255076	18.733507
17.28	0.044595953	5.7253315	18.732955
17.92	0.044122015	5.7249688	18.731828
18.56	0.044300174	5.7243062	18.730101
19.2	0.044151709	5.724459	18.730605
19.84	0.044346794	5.7247882	18.731557
20.48	0.045061866	5.7248909	18.732003
21.12	0.044862496	5.7258936	18.734447
21.76	0.045438808	5.7258059	18.734196
22.4	0.045620155	5.7255684	18.733616
23.04	0.045561914	5.7250596	18.732136
23.68	0.044785071	5.7250005	18.732109
24.32	0.044926964	5.7240642	18.72932
24.96	0.044146454	5.7244208	18.730493
25.6	0.044201633	5.7244728	18.730465
26.24	0.044406641	5.7248434	18.731484
26.88	0.044893787	5.7251936	18.732636
27.52	0.045201289	5.72563	18.733989
28.16	0.045728838	5.7254631	18.733415
28.8	0.045478265	5.72554	18.733424
29.44	0.045000851	5.7253776	18.733106
30.08	0.044952383	5.7245929	18.730812
30.72	0.044301699	5.7245379	18.73072
31.36	0.044351369	5.724184	18.729802
32	0.044617299	5.7241252	18.729579
32.64	0.044912298	5.7244634	18.730597
33.28	0.045141497	5.7250529	18.732087
33.92	0.045185259	5.7257048	18.733919
34.56	0.045828517	5.7253167	18.733093
35.2	0.045642155	5.7252687	18.732752
35.84	0.044895496	5.7253458	18.733301
36.48	0.044959753	5.7244681	18.730604
37.12	0.044286114	5.7244885	18.730639
37.76	0.04409426	5.7244456	18.730678
38.4	0.044466785	5.7243434	18.73023
39.04	0.044954068	5.7245495	18.730596
39.68	0.044980275	5.7253627	18.73297
40.32	0.045219451	5.7257644	18.734374
40.96	0.045565585	5.7256002	18.733509
41.6	0.045309577	5.725506	18.733636
42.24	0.045258058	5.724846	18.73166
42.88	0.044772565	5.7245094	18.730644
43.52	0.044200692	5.7244891	18.730673
44.16	0.044383227	5.7241557	18.729819
44.8	0.044555375	5.7243485	18.730235
45.44	0.045032991	5.7246072	18.73101
46.08	0.045274002	5.7251949	18.732594
46.72	0.045681552	5.7253602	18.732972
47.36	0.045756346	5.7253274	18.733033
48	0.045328716	5.7252367	18.7325
48.64	0.044970753	5.7247399	18.731204
49.28	0.044354316	5.7245124	18.730549
49.92	0.043910111	5.7244481	18.730387
50.56	0.044285549	5.7240988	18.72948
51.2	0.044422861	5.7245096	18.730797
51.84	0.044432575	5.7253611	18.733014
52.48	0.045590246	5.7250525	18.732183
53.12	0.045411597	5.7257036	18.733826
53.76	0.045454229	5.7255835	18.733653
54.4	0.045214988	5.7251934	18.732366
55.04	0.044846385	5.7246419	18.731175
55.68	0.044637102	5.7239968	18.729215
56.32	0.043928757	5.7242614	18.730014
56.96	0.044348997	5.7239793	18.729448
57.6	0.044725542	5.7242694	18.730169
58.24	0.045137885	5.7247848	18.73146
58.88	0.045783518	5.7249839	18.731961
59.52	0.045796829	5.7253623	18.732803
60.16	0.04530976	5.7256424	18.73376
60.8	0.045552428	5.7246938	18.730941
61.44	0.044525005	5.7247823	18.731627
62.08	0.044217068	5.7243121	18.729965
62.72	0.043984305	5.7241942	18.729814
63.36	0.044111196	5.7243172	18.730306
64	0.044699574	5.7244718	18.730773
64.64	0.045360322	5.724739	18.731346
65.28	0.04522624	5.7256116	18.733602
65.92	0.045604037	5.7254564	18.733146
66.56	0.045685217	5.7250027	18.731941
67.2	0.045000674	5.724898	18.731661
67.84	0.044771792	5.7242162	18.729754
68.48	0.044424678	5.7238854	18.729105
69.12	0.043960315	5.724166	18.729878
69.76	0.044179827	5.7243181	18.730234
70.4	0.044665047	5.7246518	18.730988
71.04	0.045337247	5.7249013	18.731831
71.68	0.045488028	5.7254137	18.7331
72.32	0.045501424	5.7255453	18.733428
72.96	0.045520779	5.725091	18.732369
73.6	0.045003044	5.7247634	18.731243
74.24	0.044670451	5.724172	18.729893
74.88	0.044401892	5.7238212	18.728766
75.52	0.043845182	5.7242853	18.730121
76.16	0.044258272	5.7243327	18.730245
76.8	0.044885995	5.7245539	18.730884
77.44	0.045423944	5.7249275	18.73189
78.08	0.045650821	5.7252975	18.732827
78.72	0.045502676	5.725461	18.733337
79.36	0.045327561	5.725076	18.732133
80	0.044699486	5.7248064	18.731578
80.64	0.044560166	5.7240355	18.729429
81.28	0.04409504	5.7239674	18.729291
81.92	0.044269953	5.7238175	18.728623
82.56	0.0442084	5.7244398	18.730196
83.2	0.044831716	5.7247303	18.731215
83.84	0.04547044	5.724971	18.731782
84.48	0.045595757	5.7253648	18.733159
85.12	0.045408466	5.7254928	18.73341
85.76	0.045138931	5.7251446	18.732394
86.4	0.044981073	5.7243653	18.730246
87.04	0.044767481	5.7237214	18.728325
87.68	0.044421737	5.7236057	18.728186
88.32	0.04403578	5.7241061	18.729525
88.96	0.044355856	5.7244171	18.7303
89.6	0.044782652	5.7249337	18.731794
90.24	0.045320087	5.7252434	18.732416
90.88	0.045969397	5.7250147	18.732039
91.52	0.045514644	5.7252969	18.733134
92.16	0.045426796	5.7246939	18.731341
92.8	0.044628972	5.7245462	18.730717
93.44	0.044777484	5.7235993	18.728143
94.08	0.044201933	5.7238105	18.728692
94.72	0.044347222	5.7238965	18.729066
95.36	0.04459221	5.7243763	18.73019
96	0.045093675	5.7248106	18.731421
96.64	0.045241814	5.7254481	18.732964
97.28	0.045539896	5.7254671	18.733318
97.92	0.045299919	5.7254125	18.73321
98.56	0.044668565	5.7252527	18.732695
99.2	0.044540102	5.724448	18.730451
99.84	0.044104902	5.7241568	18.72953
100.48	0.044092974	5.7239259	18.728932
101.12	0.044218288	5.7241258	18.729609
101.76	0.044765137	5.7243577	18.730213
102.4	0.044982652	5.7250768	18.732099
103.04	0.045433093	5.7253576	18.733239
103.68	0.045662511	5.7253238	18.732988
104.32	0.045296505	5.7253084	18.732814
104.96	0.044889239	5.7248853	18.731693
105.6	0.044526654	5.7243239	18.730364
106.24	0.043984988	5.7241901	18.729827
106.88	0.04419747	5.7238309	18.728708
107.52	0.044693549	5.7237486	18.728377
108.16	0.044701501	5.7245673	18.730884
108.8	0.045323654	5.7248827	18.731437
109.44	0.045585716	5.7252724	18.732872
110.08	0.045636301	5.725336	18.732994
110.72	0.045053074	5.7254361	18.733405
111.36	0.045151344	5.7244703	18.730611
112	0.044682502	5.7240404	18.729653
112.64	0.044163028	5.7239842	18.729246
113.28	0.044302221	5.7237861	18.728631
113.92	0.044182442	5.7243914	18.730227
114.56	0.044862326	5.724557	18.730789
115.2	0.045584703	5.7247239	18.731095
115.84	0.045397504	5.7254904	18.733352
116.48	0.046114957	5.724791	18.731566
117.12	0.045648309	5.7247145	18.731116
117.76	0.045005784	5.7244678	18.730536
118.4	0.04447573	5.7241286	18.729624
119.04	0.044047111	5.7240414	18.729371
119.68	0.044166538	5.7239643	18.729218
120.32	0.044741524	5.7239594	18.729076
120.96	0.045000137	5.7245884	18.730763
121.6	0.045267218	5.7251827	18.732698
122.24	0.045936023	5.7249891	18.731829
122.88	0.045556519	5.7252769	18.732706
123.52	0.04503796	5.7251655	18.732309
124.16	0.044842453	5.724477	18.730462
124.8	0.044620968	5.7238805	18.72907
125.44	0.044333231	5.7237461	18.728525
126.08	0.044290931	5.7239198	18.728964
126.72	0.044699529	5.7241343	18.729693
127.36	0.045063766	5.7246703	18.731051
128	0.045424204	5.7251099	18.732216
128.64	0.04552442	5.7254078	18.732971
129.28	0.045306691	5.7254473	18.733354
129.92	0.045627996	5.7244046	18.730552
130.56	0.044763703	5.7242758	18.730154
131.2	0.044339012	5.7238279	18.728801
131.84	0.04418585	5.7235271	18.728288
132.48	0.044533055	5.7233281	18.727602
133.12	0.044689138	5.7238705	18.728987
133.76	0.045306915	5.7242289	18.730109
134.4	0.045285145	5.7251332	18.732582
135.04	0.04586903	5.7249785	18.732011
135.68	0.045565839	5.7250755	18.732384
136.32	0.045249704	5.724629	18.730898
136.96	0.044851009	5.7240299	18.729467
137.6	0.044245064	5.7238049	18.729021
138.24	0.044434881	5.7232572	18.727331
138.88	0.044202788	5.7237402	18.728706
139.52	0.044687779	5.7240188	18.729438
140.16	0.045415595	5.7242849	18.730045
140.8	0.045303196	5.7252198	18.73296
141.44	0.045830846	5.7250183	18.732054
142.08	0.045762222	5.7247817	18.73156
142.72	0.045213534	5.7245096	18.730955
143.36	0.045095722	5.723646	18.728348
144	0.044129193	5.7238411	18.729093
144.64	0.044017746	5.7236771	18.728491
145.28	0.044045163	5.7239824	18.729273
145.92	0.044759466	5.7241011	18.729631
146.56	0.045583101	5.7242778	18.730161
147.2	0.045542956	5.7250758	18.732269
147.84	0.045972858	5.7248703	18.731683
148.48	0.045150857	5.725282	18.732983
149.12	0.045134979	5.7244254	18.730801
149.76	0.045072443	5.7235234	18.727922
150.4	0.044114927	5.7237865	18.728608
151.04	0.044557736	5.7231744	18.726978
151.68	0.044329792	5.723789	18.728789
152.32	0.044847547	5.724071	18.729722
152.96	0.045271597	5.7245545	18.730924
153.6	0.045470365	5.7250043	18.732128
154.24	0.045657108	5.7249335	18.731916
154.88	0.045458416	5.7246875	18.73142
155.52	0.045091066	5.7242204	18.729978
156.16	0.044430488	5.724002	18.729384
156.8	0.04408373	5.7237538	18.728792
157.44	0.044219652	5.7235574	18.728236
158.08	0.044528865	5.7237245	18.728611
158.72	0.045058369	5.7240217	18.729579
159.36	0.045619371	5.7243321	18.73027
160	0.045394635	5.7251241	18.732444
160.64	0.045465399	5.7250801	18.732354
161.28	0.045438336	5.7245708	18.731037
161.92	0.045329482	5.7238212	18.728775
162.56	0.044560421	5.7237368	18.728736
163.2	0.044148742	5.723642	18.728411
163.84	0.044068913	5.7237479	18.7287
164.48	0.044600219	5.7237681	18.728756
165.12	0.045113024	5.7241306	18.729854
165.76	0.045340351	5.7247606	18.731301
166.4	0.045716302	5.7248805	18.731729
167.04	0.04547693	5.7250238	18.732135
167.68	0.045204685	5.7246676	18.731145
168.32	0.044588251	5.7243861	18.730327
168.96	0.044277126	5.7238709	18.729075
169.6	0.043616117	5.7241045	18.729789
170.24	0.04407381	5.7237776	18.728742
170.88	0.04451822	5.7239771	18.729611
171.52	0.044977699	5.7244257	18.730442
172.16	0.045763579	5.7244735	18.730433
172.8	0.0459223	5.7247226	18.7313
173.44	0.045534181	5.7249084	18.731881
174.08	0.045162212	5.7245681	18.730711
174.72	0.044568103	5.724238	18.730113
175.36	0.044614586	5.7234314	18.727857
176	0.044087576	5.7236228	18.728533
176.64	0.044629262	5.7233181	18.727587
177.28	0.044792885	5.7238703	18.729104
177.92	0.044921291	5.7246614	18.731049
178.56	0.045391877	5.7249432	18.731885
179.2	0.045550196	5.7250867	18.73235
179.84	0.045043462	5.7253153	18.732943
180.48	0.045049025	5.7245663	18.730851
181.12	0.044663507	5.7240147	18.729324
181.76	0.044440687	5.7235116	18.728041
182.4	0.044151941	5.7235462	18.728079
183.04	0.044202243	5.7238217	18.728957
183.68	0.044857865	5.7239298	18.729281
184.32	0.045445904	5.7242619	18.730246
184.96	0.045413115	5.7250006	18.732003
185.6	0.045699855	5.7249257	18.731856
186.24	0.045595265	5.7246622	18.731164
186.88	0.045028631	5.7244292	18.730517
187.52	0.044501206	5.7240191	18.729566
188.16	0.044011592	5.7238497	18.729029
188.8	0.044336924	5.7233876	18.727822
189.44	0.044344508	5.7237994	18.728825
190.08	0.044787372	5.7241789	18.729807
190.72	0.045471108	5.7243967	18.730441
191.36	0.045792373	5.724704	18.731299
192	0.045869871	5.724732	18.731353
192.64	0.04519795	5.7249411	18.731911
193.28	0.045205016	5.724082	18.729641
193.92	0.04481747	5.7235818	18.728182
194.56	0.044333846	5.7234704	18.727768
195.2	0.044272271	5.723475	18.727943
195.84	0.044198171	5.7240576	18.729622
196.48	0.044882739	5.7242291	18.729863
197.12	0.045246951	5.7247412	18.731364
197.76	0.045839663	5.7247099	18.73123
198.4	0.045238266	5.7253153	18.732943
199.04	0.045255002	5.7247441	18.731504
199.68	0.044938805	5.7241777	18.729879
200.32	0.044602731	5.7236647	18.728535
200.96	0.044300777	5.7234726	18.727907
201.6	0.044412569	5.7234062	18.727661
202.24	0.044830436	5.7235559	18.728195
202.88	0.045089046	5.7241783	18.730079
203.52	0.045416937	5.7246923	18.731071
204.16	0.045802793	5.7247721	18.731525
204.8	0.045867842	5.7246321	18.731171
205.44	0.045353043	5.7245432	18.730661
206.08	0.044836829	5.7241673	18.729788
206.72	0.044597549	5.7235883	18.728459
207.36	0.04434883	5.7234371	18.727847
208	0.044095606	5.723832	18.729242
208.64	0.044538056	5.7240119	18.729465
209.28	0.045229193	5.7241994	18.729762
209.92	0.045924735	5.7242899	18.730252
210.56	0.045726155	5.7248762	18.731722
211.2	0.045574923	5.7248217	18.731592
211.84	0.045241625	5.7244824	18.730882
212.48	0.044882661	5.7239554	18.729195
213.12	0.044051398	5.7240118	18.729435
213.76	0.044039216	5.7236967	18.728565
214.4	0.044402306	5.7235829	18.728051
215.04	0.044630273	5.7240527	18.729537
215.68	0.045146815	5.7244219	18.730547
216.32	0.045586701	5.7247072	18.731351
216.96	0.045406322	5.7251767	18.732289
217.6	0.045512012	5.7247868	18.731716
218.24	0.044879195	5.7246702	18.731278
218.88	0.044632471	5.7240289	18.729451
219.52	0.044338419	5.7236447	18.728394
220.16	0.044351016	5.723435	18.727834
220.8	0.044786419	5.7233333	18.727704
221.44	0.044670881	5.7241906	18.72989
222.08	0.045273854	5.7244707	18.730606
222.72	0.045336779	5.7250486	18.732285
223.36	0.045631781	5.7249037	18.731862
224	0.045379515	5.7247628	18.731359
224.64	0.04509271	5.7242781	18.730451
225.28	0.04485137	5.7236687	18.728409
225.92	0.044247295	5.7236688	18.728314
226.56	0.044301179	5.7235145	18.727952
227.2	0.044370567	5.7238822	18.729158
227.84	0.045270207	5.7237725	18.728709
228.48	0.044989578	5.7249024	18.731609
229.12	0.045544513	5.7249116	18.732088
229.76	0.045999707	5.7245115	18.730825
230.4	0.045380674	5.7246515	18.731042
231.04	0.045232499	5.723979	18.729369
231.68	0.044637098	5.7237334	18.728586
232.32	0.044109659	5.7236944	18.728526
232.96	0.044373919	5.7233913	18.727666
233.6	0.044395502	5.7238759	18.729135
234.24	0.045294733	5.7238218	18.7289
234.88	0.045408644	5.7245553	18.731103
235.52	0.045267353	5.7252162	18.732827
236.16	0.045723381	5.7247291	18.731328
236.8	0.045442536	5.7244503	18.730797
237.44	0.044377631	5.724658	18.731137
238.08	0.044591973	5.7236267	18.728348
238.72	0.044388028	5.7233766	18.727848
239.36	0.044166186	5.7236573	18.728228
240	0.04439384	5.7240031	18.729308
240.64	0.04487828	5.7243938	18.73031
241.28	0.045633685	5.7244576	18.730622
241.92	0.045558461	5.7249691	18.732023
242.56	0.045421844	5.7249914	18.732117
243.2	0.044899896	5.7248595	18.731728
243.84	0.04495912	5.7239104	18.729119
244.48	0.044484815	5.7236059	18.728355
245.12	0.04417622	5.7235385	18.728182
245.76	0.044278135	5.7236021	18.728346
246.4	0.043922639	5.7246108	18.730941
247.04	0.045340132	5.7240758	18.729645
247.68	0.045665221	5.7245089	18.731009
248.32	0.0457067	5.7248062	18.731663
248.96	0.045855627	5.7244473	18.730483
249.6	0.044745278	5.7248629	18.731786
250.24	0.04472757	5.7240055	18.729345
250.88	0.04454267	5.7234614	18.727966
251.52	0.044341175	5.7233811	18.727829
252.16	0.044116042	5.7238742	18.729015
252.8	0.044564913	5.7241411	18.729779
253.44	0.045710582	5.7238714	18.728904
254.08	0.045308041	5.7249775	18.731827
254.72	0.045863088	5.7246682	18.731415
255.36	0.045440541	5.7247606	18.731367
256	0.044655813	5.724793	18.731591
256.64	0.044845034	5.7237365	18.728757
257.28	0.044218122	5.7236954	18.728593
257.92	0.043890828	5.7238448	18.728897
258.56	0.043828296	5.7242621	18.730219
259.2	0.044672838	5.724174	18.730015
259.84	0.04555776	5.7241541	18.72997
260.48	0.045402991	5.7249346	18.732015
261.12	0.045662578	5.724809	18.731757
261.76	0.045575894	5.724493	18.730682
262.4	0.044714934	5.7245642	18.731029
263.04	0.044592167	5.7238532	18.72909
263.68	0.044280726	5.7235809	18.728428
264.32	0.043911045	5.7238551	18.728917
264.96	0.044480883	5.7237247	18.728905
265.6	0.045211603	5.723773	18.728639
266.24	0.045384016	5.7244367	18.730649
266.88	0.045374281	5.7250142	18.732384
267.52	0.045447707	5.7250016	18.732198
268.16	0.045146601	5.7248163	18.731547
268.8	0.045192945	5.7239625	18.729266
269.44	0.044542248	5.7238002	18.728849
270.08	0.044304453	5.7235281	18.728227
270.72	0.044129486	5.7236834	18.728599
271.36	0.044843698	5.7234603	18.728019
272	0.044866068	5.7242533	18.730102
272.64	0.045406732	5.7245283	18.731003
273.28	0.045789005	5.7246373	18.731039
273.92	0.045636775	5.7247591	18.731451
274.56	0.045601134	5.7242517	18.730098
275.2	0.04507617	5.7239446	18.729155
275.84	0.044904527	5.7233256	18.727577
276.48	0.044220923	5.7235705	18.72841
277.12	0.044608537	5.7232601	18.727375
277.76	0.044375842	5.724056	18.729562
278.4	0.044930573	5.7243395	18.730288
279.04	0.044852421	5.7251872	18.732899
279.68	0.045253336	5.7252	18.732756
280.32	0.045385083	5.7249333	18.731976
280.96	0.045356058	5.724348	18.730576
281.6	0.044894438	5.7239632	18.729134
282.24	0.044652659	5.7234752	18.728005
282.88	0.04429552	5.723496	18.728059
283.52	0.044476832	5.7234712	18.727919
284.16	0.044942473	5.723632	18.728432
284.8	0.045042274	5.7243702	18.730419
285.44	0.045113609	5.7250061	18.732097
286.08	0.045588758	5.7248515	18.73174
286.72	0.045426939	5.7248043	18.731645
287.36	0.044965312	5.7246022	18.731104
288	0.044214335	5.7245042	18.730725
288.64	0.044412265	5.7236174	18.728328
289.28	0.044565186	5.7232141	18.727267
289.92	0.044352279	5.7236962	18.728702
290.56	0.044452788	5.7242834	18.730273
291.2	0.044868008	5.7247195	18.731406
291.84	0.045328608	5.7249184	18.732107
292.48	0.045367124	5.7250888	18.73231
293.12	0.045326137	5.7248023	18.731789
293.76	0.044977182	5.7244245	18.730491
294.4	0.044753677	5.7238282	18.728983
295.04	0.044199457	5.7237685	18.728818
295.68	0.044202696	5.7235907	18.728248
296.32	0.044394875	5.7237567	18.728866
296.96	0.044838511	5.7240465	18.72955
297.6	0.044861298	5.7248662	18.731803
298.24	0.045490325	5.7248285	18.731699
298.88	0.045514524	5.7249223	18.731521
299.52	0.04571071	5.7243243	18.730098
300.16	0.045025625	5.724225	18.729975
300.8	0.044262206	5.7241697	18.730173
301.44	0.044253065	5.7236301	18.728208
302.08	0.04430541	5.7235079	18.728108
302.72	0.044393613	5.7238641	18.72909
303.36	0.044939512	5.7241118	18.72986
304	0.044971958	5.724886	18.732037
304.64	0.045661658	5.7247139	18.731274
305.28	0.045552946	5.7248271	18.731534
305.92	0.045298282	5.7245733	18.730811
306.56	0.045381345	5.7237028	18.728888
307.2	0.044674951	5.7236359	18.728474
307.84	0.044160169	5.7236702	18.728658
308.48	0.043724778	5.7241344	18.729722
309.12	0.044321732	5.7240528	18.729671
309.76	0.044833788	5.7243557	18.730328
310.4	0.045356643	5.7246215	18.731064
311.04	0.045768952	5.7246462	18.731075
311.68	0.045605497	5.7247362	18.731391
312.32	0.045036367	5.7247639	18.731377
312.96	0.045162333	5.7238303	18.728894
313.6	0.044503016	5.7237292	18.728497
314.24	0.044090726	5.7237609	18.728696
314.88	0.044289059	5.7236781	18.728333
315.52	0.04434626	5.7241751	18.729941
316.16	0.045212516	5.7240988	18.729663
316.8	0.045313252	5.724725	18.731259
317.44	0.045653465	5.7247486	18.731455
318.08	0.045503225	5.7247471	18.731382
318.72	0.045276605	5.724359	18.730398
319.36	0.044722994	5.7241022	18.729682
320	0.044567653	5.7235592	18.728104
320.64	0.044234355	5.7236006	18.728308
321.28	0.044458272	5.7235871	18.728322
321.92	0.044818486	5.7238722	18.729042
322.56	0.045029363	5.7244645	18.730676
323.2	0.045450691	5.7247021	18.731369
323.84	0.045555224	5.7248549	18.731753
324.48	0.045655463	5.7244909	18.730767
325.12	0.045541305	5.7239335	18.729129
325.76	0.044986704	5.7236752	18.728429
326.4	0.044171792	5.7238491	18.729058
327.04	0.044137037	5.7236959	18.728638
327.68	0.044621171	5.7235321	18.728241
328.32	0.044736914	5.7241001	18.729771
328.96	0.045359111	5.7242964	18.730258
329.6	0.045416281	5.7248236	18.731606
330.24	0.045588824	5.724792	18.731655
330.88	0.045292941	5.7247179	18.731521
331.52	0.045163945	5.7241361	18.72985
332.16	0.044823102	5.7236956	18.728393
332.8	0.044417016	5.72354	18.728114
333.44	0.044730753	5.7231272	18.726959
334.08	0.044954054	5.7233007	18.727435
334.72	0.044891802	5.7240995	18.729407
335.36	0.045529517	5.7242639	18.730145
336	0.045618103	5.7247016	18.731414
336.64	0.045318916	5.7250419	18.732127
337.28	0.045570788	5.7243358	18.73036
337.92	0.044624285	5.7245208	18.730794
338.56	0.044556578	5.7238193	18.728906
339.2	0.044121709	5.7237729	18.728775
339.84	0.044371852	5.7235141	18.728303
340.48	0.044735653	5.7236396	18.728597
341.12	0.044900917	5.7242413	18.730085
341.76	0.045435093	5.7244733	18.730383
342.4	0.045805399	5.7245599	18.731024
343.04	0.045397089	5.72493	18.731829
343.68	0.04497116	5.724833	18.731767
344.32	0.044708269	5.7243167	18.730406
344.96	0.044937475	5.7233515	18.727857
345.6	0.044428381	5.723446	18.727905
346.24	0.044219405	5.7237225	18.728482
346.88	0.044793796	5.7236789	18.728453
347.52	0.044875896	5.7243697	18.730342
348.16	0.045182841	5.7247885	18.73153
348.8	0.045666288	5.7247052	18.731423
349.44	0.045353077	5.7249047	18.731917
350.08	0.044959102	5.7247346	18.731382
350.72	0.044530945	5.7243667	18.73058
351.36	0.044496544	5.7237171	18.72854
352	0.044237351	5.723641	18.728537
352.64	0.044278748	5.7237343	18.728508
353.28	0.044359095	5.7242322	18.729956
353.92	0.045094141	5.7242711	18.730202
354.56	0.045864716	5.7241956	18.729865
355.2	0.04552824	5.724842	18.731825
355.84	0.045320887	5.7248645	18.731921
356.48	0.045194178	5.7243653	18.730362
357.12	0.044858477	5.723918	18.729105
357.76	0.04451874	5.723609	18.728339
358.4	0.044538531	5.7233282	18.727678
359.04	0.044019067	5.7240591	18.729526
359.68	0.044955071	5.7237558	18.728629
360.32	0.045304489	5.7241809	18.729852
360.96	0.045537548	5.7245867	18.730969
361.6	0.045969297	5.7243996	18.730415
362.24	0.045379119	5.7247218	18.731319
362.88	0.045069518	5.7243747	18.730554
363.52	0.04457854	5.7240775	18.729646
364.16	0.044208042	5.7238583	18.728842
364.8	0.043978131	5.723897	18.729017
365.44	0.044379659	5.7237941	18.728965
366.08	0.044646244	5.7242027	18.729864
366.72	0.044838718	5.7247884	18.731636
367.36	0.045508005	5.7246991	18.731465
368	0.045775278	5.7245795	18.730977
368.64	0.045270986	5.7247443	18.731377
369.28	0.045339625	5.7239722	18.729344
369.92	0.044899908	5.7236335	18.72832
370.56	0.0441077	5.7238774	18.729189
371.2	0.044189262	5.7236981	18.728496
371.84	0.044608306	5.7236783	18.728347
372.48	0.044708535	5.7243166	18.730311
373.12	0.045141724	5.7246535	18.731498
373.76	0.045216013	5.7250934	18.732275
374.4	0.045723417	5.7246195	18.731109
375.04	0.045363405	5.7245135	18.730782
375.68	0.044876542	5.7242456	18.729869
376.32	0.044314548	5.7240591	18.729469
376.96	0.044868442	5.7230385	18.726553
377.6	0.044260616	5.7236501	18.728669
378.24	0.044674003	5.7237121	18.728571
378.88	0.045026586	5.7241449	18.729679
379.52	0.045247341	5.7246932	18.731533
380.16	0.045792715	5.7245875	18.73109
380.8	0.045136084	5.7251807	18.732718
381.44	0.044988646	5.7247958	18.731736
382.08	0.044545039	5.7244204	18.730519
382.72	0.044858048	5.7233005	18.727545
383.36	0.044353353	5.7232882	18.727442
384	0.044030463	5.7235656	18.728273
384.64	0.044325132	5.7237191	18.728505
385.28	0.045090749	5.7237296	18.728747
385.92	0.045262997	5.7243359	18.73036
386.56	0.045997196	5.724099	18.729697
387.2	0.045494509	5.7245909	18.730996
387.84	0.044897365	5.7246417	18.731242
388.48	0.044863448	5.7238117	18.728919
389.12	0.044555797	5.7232448	18.727573
389.76	0.044421686	5.7228301	18.726171
390.4	0.044138588	5.723029	18.72676
391.04	0.044580267	5.7230552	18.72665
391.68	0.044954569	5.7234876	18.728114
392.32	0.045313848	5.7239751	18.729455
392.96	0.045429306	5.7244082	18.730581
393.6	0.045548027	5.7243126	18.73013
394.24	0.045346177	5.7240008	18.729378
394.88	0.044999087	5.7235178	18.728344
395.52	0.045162731	5.7225175	18.725656
396.16	0.044021022	5.7231527	18.727148
396.8	0.044005256	5.7231894	18.72721
397.44	0.044612468	5.7231041	18.726912
398.08	0.044983137	5.7235876	18.728534
398.72	0.045280077	5.7241118	18.729808
399.36	0.045816757	5.7240668	18.72954
400	0.045045679	5.7247841	18.731683
400.64	0.045130756	5.7241273	18.729584
401.28	0.045083797	5.723308	18.727419
401.92	0.044086012	5.7234747	18.727929
402.56	0.044525989	5.7226037	18.725709
403.2	0.044319379	5.7229209	18.726749
403.84	0.044529569	5.7233256	18.727527
404.48	0.044935331	5.7237909	18.728972
405.12	0.045559749	5.7239576	18.729533
405.76	0.045913486	5.7240018	18.729289
406.4	0.045315718	5.7244234	18.730816
407.04	0.045099361	5.7239987	18.729371
407.68	0.044538221	5.7236772	18.728497
408.32	0.044343129	5.7231227	18.727037
408.96	0.04420547	5.7229197	18.726364
409.6	0.044148054	5.7231784	18.727174
410.24	0.044470566	5.7235306	18.728175
410.88	0.045082603	5.7237874	18.728977
411.52	0.045622519	5.7240065	18.729546
412.16	0.045544825	5.7243888	18.730568
412.8	0.045061587	5.7246053	18.73108
413.44	0.044946697	5.7239894	18.729457
414.08	0.044683335	5.7233715	18.727566
414.72	0.044025107	5.7233484	18.72776
415.36	0.044204004	5.7229148	18.726583
416	0.044272291	5.7231314	18.727231
416.64	0.044525461	5.7236154	18.728181
417.28	0.045494032	5.7235293	18.728632
417.92	0.045463587	5.7242542	18.730086
418.56	0.045232509	5.7246928	18.731235
419.2	0.045802936	5.7237739	18.728826
419.84	0.044753601	5.7240509	18.729707
420.48	0.04438498	5.7235314	18.728124
421.12	0.044549493	5.7227212	18.725911
421.76	0.044420146	5.7226879	18.72577
422.4	0.044617557	5.7228863	18.726529
423.04	0.044857956	5.7234462	18.727831
423.68	0.045127651	5.7240706	18.729813
424.32	0.045678688	5.7241677	18.729828
424.96	0.045412512	5.7245262	18.730827
425.6	0.045469115	5.7240046	18.7295
426.24	0.04506386	5.723572	18.728206
426.88	0.044812313	5.7229546	18.726492
427.52	0.044469436	5.7227326	18.726002
428.16	0.044338793	5.7228063	18.726217
428.8	0.044345279	5.7232896	18.72737
429.44	0.04482226	5.7236485	18.728645
430.08	0.045275218	5.7240813	18.729602
430.72	0.045738514	5.7241697	18.729881
431.36	0.045867486	5.7240438	18.729609
432	0.045336391	5.7240242	18.729534
432.64	0.044954933	5.7235343	18.728258
433.28	0.044450995	5.7231794	18.727347
433.92	0.044582912	5.7225501	18.725387
434.56	0.044404338	5.7227643	18.726116
435.2	0.044403425	5.7233159	18.727539
435.84	0.04470112	5.7238683	18.729161
436.48	0.045798432	5.7235836	18.7282
437.12	0.045897316	5.7238364	18.7289
437.76	0.045256154	5.7241926	18.729971
438.4	0.044900215	5.7237862	18.72886
439.04	0.044485946	5.7232277	18.727696
439.68	0.044131496	5.7227902	18.726093
440.32	0.043886069	5.7227393	18.726026
440.96	0.044579707	5.7223419	18.724802
441.6	0.044769571	5.7229504	18.726576
442.24	0.045116384	5.7235311	18.728233
442.88	0.045484582	5.7238701	18.729167
443.52	0.045501866	5.7240593	18.729404
444.16	0.045353618	5.723821	18.72901
444.8	0.044801874	5.7235822	18.728404
445.44	0.044617538	5.7228511	18.726293
446.08	0.044275113	5.7225299	18.725476
446.72	0.044207989	5.7224255	18.725167
447.36	0.044205458	5.7228137	18.726149
448	0.044694585	5.723148	18.726998
448.64	0.04480999	5.7239605	18.729467
449.28	0.045705162	5.7237199	18.728771
449.92	0.045437685	5.7240933	18.729512
450.56	0.045142533	5.7239423	18.729246
451.2	0.045033344	5.7232176	18.727228
451.84	0.044725775	5.7226421	18.72575
452.48	0.044416242	5.7223438	18.724816
453.12	0.044190726	5.7224779	18.725247
453.76	0.044122847	5.7230221	18.726679
454.4	0.044617821	5.7233776	18.727843
455.04	0.045291045	5.7236008	18.728293
455.68	0.045520874	5.7239651	18.72928
456.32	0.04579705	5.7237268	18.728766
456.96	0.045145107	5.7238364	18.728912
457.6	0.044573225	5.723527	18.728089
458.24	0.044660215	5.7225427	18.725523
458.88	0.044298445	5.7223703	18.724838
459.52	0.043856178	5.7228124	18.726337
460.16	0.045105895	5.7221395	18.724455
460.8	0.044785923	5.7233527	18.727555
461.44	0.045774429	5.7232678	18.727466
462.08	0.045605519	5.7239542	18.729157
462.72	0.046034126	5.7234624	18.728028
463.36	0.045255502	5.7236224	18.728505
464	0.044321153	5.7236358	18.728368
464.64	0.04424803	5.7228677	18.726377
465.28	0.044437184	5.7222104	18.724754
465.92	0.044102247	5.7226198	18.725574
466.56	0.044632339	5.7227041	18.725958
467.2	0.045098235	5.7231653	18.727108
467.84	0.045447161	5.7236797	18.728569
468.48	0.045735661	5.7238464	18.729085
469.12	0.045200892	5.7242296	18.729986
469.76	0.045167196	5.723579	18.728327
470.4	0.045014645	5.7228062	18.726513
471.04	0.0446013	5.7224086	18.724993
471.68	0.044332768	5.7222843	18.724617
472.32	0.044368804	5.7224322	18.725044
472.96	0.044516398	5.7229775	18.726746
473.6	0.045291355	5.723135	18.727215
474.24	0.045511129	5.7237311	18.728824
474.88	0.045632951	5.7239715	18.729056
475.52	0.04580612	5.723552	18.728265
476.16	0.045466009	5.7231394	18.727093
476.8	0.0443382	5.7233217	18.727628
477.44	0.044285291	5.7226241	18.725493
478.08	0.04425935	5.7223599	18.725038
478.72	0.044262405	5.7226556	18.725671
479.36	0.04459132	5.72307	18.726796
480	0.045101647	5.7234766	18.728134
480.64	0.045433813	5.7238999	18.729119
481.28	0.045569792	5.7240282	18.729717
481.92	0.045658871	5.7235896	18.728167
482.56	0.04503006	5.7234181	18.728087
483.2	0.044596269	5.7228976	18.726447
483.84	0.044324503	5.7224718	18.725067
484.48	0.044080914	5.7224978	18.725362
485.12	0.044329924	5.7226193	18.725678
485.76	0.044714606	5.7230534	18.72686
486.4	0.045083581	5.7236363	18.728667
487.04	0.046097794	5.7233218	18.72743
487.68	0.045812087	5.7237765	18.729035
488.32	0.045475389	5.7236877	18.728611
488.96	0.044354151	5.7239504	18.729205
489.6	0.044292197	5.7230675	18.727036
490.24	0.044301964	5.7224167	18.725048
490.88	0.044078329	5.7225251	18.725374
491.52	0.044382252	5.7227002	18.725934
492.16	0.044638236	5.7233267	18.727651
492.8	0.044954114	5.7239463	18.729301
493.44	0.04581298	5.7237149	18.728509
494.08	0.045561379	5.7240086	18.729681
494.72	0.045044611	5.72398	18.729257
495.36	0.045130881	5.7229831	18.72688
496	0.044459031	5.7227319	18.72592
496.64	0.044130412	5.7224958	18.725209
497.28	0.043953303	5.7226787	18.7258
497.92	0.044232213	5.7229755	18.72659
498.56	0.044746869	5.7233957	18.727703
499.2	0.045547554	5.7235155	18.728034
499.84	0.045770852	5.7238098	18.728959
