0	0.014693611	5.6899846	18.635483
0.64	0.014791852	5.6899817	18.63541
1.28	0.014917381	5.6901016	18.635905
1.92	0.015119908	5.6901976	18.636074
2.56	0.014986098	5.6905638	18.63698
3.2	0.015112513	5.6905064	18.636954
3.84	0.015171914	5.6903294	18.636343
4.48	0.01504046	5.6901995	18.636007
5.12	0.014896051	5.690045	18.635603
5.76	0.014837669	5.6898896	18.635029
6.4	0.01473336	5.6899412	18.635363
7.04	0.014826011	5.6899849	18.635352
7.68	0.014907378	5.6901686	18.635867
8.32	0.015120244	5.6902548	18.636295
8.96	0.015156916	5.6904259	18.636566
9.6	0.015121848	5.6904938	18.636922
10.24	0.015115543	5.6903452	18.636382
10.88	0.015021911	5.690161	18.635917
11.52	0.014788957	5.6901024	18.635705
12.16	0.014819595	5.6898849	18.635226
12.8	0.014726972	5.6899597	18.635365
13.44	0.014722225	5.6901225	18.63575
14.08	0.014893913	5.6902349	18.636074
14.72	0.01509284	5.6903309	18.636326
15.36	0.015138145	5.6904676	18.636767
16	0.01505931	5.6905495	18.636959
16.64	0.015042975	5.6903815	18.636572
17.28	0.015063501	5.6900708	18.635467
17.92	0.014791856	5.6900535	18.635729
18.56	0.014774341	5.6899034	18.635152
19.2	0.014812736	5.6898854	18.635174
19.84	0.014874222	5.6900113	18.635551
20.48	0.014837824	5.6903397	18.636474
21.12	0.015020084	5.6904411	18.63674
21.76	0.015052091	5.6905693	18.636994
22.4	0.015183916	5.6904034	18.636593
23.04	0.015133573	5.6902533	18.63606
23.68	0.014869309	5.6902166	18.63603
24.32	0.014803979	5.6900024	18.635417
24.96	0.014782075	5.6898842	18.635114
25.6	0.014805246	5.6899016	18.635196
26.24	0.0150135	5.6899126	18.6353
26.88	0.015065763	5.6901625	18.63596
27.52	0.015190019	5.6903088	18.636254
28.16	0.015226929	5.6904078	18.636599
28.8	0.015212575	5.6903613	18.63644
29.44	0.014962789	5.6903782	18.636434
30.08	0.014967008	5.6900685	18.635885
30.72	0.014859073	5.6899182	18.635297
31.36	0.014804786	5.6898557	18.635146
32	0.014661334	5.690072	18.635598
32.64	0.014925147	5.6900482	18.635539
33.28	0.014983856	5.6902959	18.636338
33.92	0.015038766	5.6904958	18.636841
34.56	0.015253086	5.6903868	18.636401
35.2	0.015093278	5.6904518	18.63663
35.84	0.01504537	5.6902537	18.636198
36.48	0.014762122	5.6902302	18.636115
37.12	0.014793653	5.6899528	18.635315
37.76	0.014743982	5.6899195	18.635117
38.4	0.01482486	5.689937	18.635415
39.04	0.014745709	5.690268	18.636075
39.68	0.015085225	5.6902284	18.636
40.32	0.015262246	5.6902923	18.636303
40.96	0.015257903	5.6903696	18.636484
41.6	0.015146594	5.69037	18.636521
42.24	0.014951373	5.6902994	18.636258
42.88	0.014819341	5.6901301	18.635908
43.52	0.014737762	5.6899858	18.635403
44.16	0.01472842	5.6899388	18.635247
44.8	0.014801612	5.689995	18.635486
45.44	0.014952708	5.6901093	18.635772
46.08	0.015196777	5.6901697	18.635834
46.72	0.015196708	5.6903908	18.636508
47.36	0.015211045	5.6904248	18.636705
48	0.015103035	5.6903801	18.636433
48.64	0.014969995	5.6902309	18.636165
49.28	0.014783928	5.6901109	18.635835
49.92	0.014781992	5.6899088	18.635198
50.56	0.0146791	5.6899837	18.635353
51.2	0.014762428	5.6900643	18.635619
51.84	0.014990614	5.6901291	18.635874
52.48	0.015057082	5.6903665	18.636382
53.12	0.015093944	5.6905231	18.636817
53.76	0.01510773	5.6905136	18.636776
54.4	0.015137398	5.6902987	18.6363
55.04	0.015001743	5.6901375	18.635855
55.68	0.014684392	5.6901633	18.635899
56.32	0.014499706	5.690175	18.635941
56.96	0.014769714	5.6899124	18.635173
57.6	0.014719333	5.6901518	18.635819
58.24	0.015023952	5.6901476	18.635943
58.88	0.01522309	5.6902434	18.6362
59.52	0.015227004	5.6904061	18.636493
60.16	0.015125103	5.6904801	18.636721
60.8	0.014938353	5.6904542	18.63682
61.44	0.014933245	5.6901513	18.635872
62.08	0.014774884	5.6900351	18.635554
62.72	0.014824127	5.6898426	18.635165
63.36	0.014890145	5.6898213	18.634997
64	0.014883434	5.6900398	18.635543
64.64	0.014976428	5.6902442	18.636086
65.28	0.015031787	5.6904599	18.636597
65.92	0.015168895	5.6904599	18.63677
66.56	0.015178049	5.690395	18.636496
67.2	0.015100037	5.690247	18.636018
67.84	0.014971859	5.6900692	18.635659
68.48	0.014718662	5.6900606	18.635503
69.12	0.014746918	5.6899177	18.635293
69.76	0.01472685	5.6900105	18.635466
70.4	0.01473715	5.6902302	18.636128
71.04	0.01489584	5.6903807	18.636623
71.68	0.015159193	5.6903693	18.636502
72.32	0.015235862	5.6903973	18.636736
72.96	0.01514831	5.690394	18.63664
73.6	0.01505232	5.6902408	18.636098
74.24	0.014883888	5.6901024	18.635722
74.88	0.014643829	5.6900999	18.635681
75.52	0.014681127	5.6899803	18.635336
76.16	0.014754685	5.6900128	18.635562
76.8	0.014900078	5.6901263	18.635761
77.44	0.015099841	5.6902299	18.635964
78.08	0.015199318	5.6903654	18.636395
78.72	0.015259738	5.6903774	18.636501
79.36	0.015080043	5.6904315	18.636508
80	0.014982178	5.6902609	18.636211
80.64	0.01488334	5.6900513	18.635563
81.28	0.014739067	5.6899723	18.635385
81.92	0.01468956	5.6899716	18.63533
82.56	0.014923481	5.6898783	18.635162
83.2	0.014812085	5.6902638	18.636186
83.84	0.015030239	5.6903508	18.636413
84.48	0.015195953	5.6903976	18.636555
85.12	0.015046439	5.6905808	18.637153
85.76	0.015063211	5.6904055	18.636565
86.4	0.01489015	5.6902925	18.636075
87.04	0.014791652	5.6900908	18.635734
87.68	0.014857963	5.6898327	18.634968
88.32	0.014715672	5.6899642	18.635342
88.96	0.014785923	5.6900641	18.635705
89.6	0.014924501	5.6902129	18.636036
90.24	0.015185413	5.6902465	18.636163
90.88	0.015145374	5.6904668	18.636734
91.52	0.015263978	5.6903463	18.63648
92.16	0.015246749	5.6901745	18.635962
92.8	0.014970139	5.6901545	18.635796
93.44	0.014708824	5.6901305	18.635724
94.08	0.014812567	5.6898663	18.635173
94.72	0.01481221	5.6898881	18.635169
95.36	0.014709408	5.6901871	18.63594
96	0.014980264	5.6902097	18.635928
96.64	0.015112059	5.6903586	18.636565
97.28	0.015259002	5.6903599	18.636448
97.92	0.015123009	5.6904597	18.636668
98.56	0.015019638	5.6903511	18.636408
99.2	0.014852959	5.6902191	18.636108
99.84	0.014704828	5.6900992	18.635787
100.48	0.014710687	5.68996	18.635294
101.12	0.01472258	5.6899992	18.635402
101.76	0.014896197	5.6900432	18.63554
102.4	0.014955888	5.690287	18.636284
103.04	0.01516971	5.6903361	18.636579
103.68	0.015310142	5.6903126	18.636455
104.32	0.015244654	5.6903095	18.636284
104.96	0.015021358	5.6902999	18.636292
105.6	0.014883813	5.6901417	18.636027
106.24	0.014832702	5.6899455	18.635377
106.88	0.014740356	5.6899321	18.635372
107.52	0.014754859	5.6899948	18.635392
108.16	0.014916141	5.6900661	18.635638
108.8	0.015113969	5.6901688	18.635873
109.44	0.015160183	5.6903702	18.636517
110.08	0.015120643	5.6905031	18.636755
110.72	0.015081312	5.6904456	18.636692
111.36	0.01504488	5.6902354	18.636163
112	0.014898873	5.6900861	18.635704
112.64	0.014646527	5.690111	18.635734
113.28	0.014641953	5.6900366	18.635618
113.92	0.014697464	5.6900833	18.635827
114.56	0.014905723	5.6901223	18.635754
115.2	0.015040097	5.6902851	18.636176
115.84	0.015061354	5.6904902	18.63689
116.48	0.015212513	5.6904065	18.636544
117.12	0.015128504	5.6903628	18.636355
117.76	0.015044894	5.6901846	18.635979
118.4	0.014712898	5.6902235	18.63611
119.04	0.014800622	5.6899276	18.635317
119.68	0.014747828	5.6899352	18.635357
120.32	0.014928463	5.689887	18.635072
120.96	0.014906912	5.6901745	18.635964
121.6	0.015064372	5.6903113	18.636341
122.24	0.015119524	5.6904567	18.636806
122.88	0.015200072	5.6904048	18.636579
123.52	0.015256292	5.6901957	18.63604
124.16	0.014962678	5.6902152	18.636133
124.8	0.014982249	5.6899108	18.635264
125.44	0.014747333	5.6899613	18.635285
126.08	0.014641587	5.6900541	18.635641
126.72	0.014975323	5.6898829	18.63513
127.36	0.01496137	5.6901753	18.635977
128	0.015063667	5.690356	18.63643
128.64	0.015243236	5.6903513	18.636419
129.28	0.015068033	5.6905231	18.63691
129.92	0.014986683	5.6904243	18.636574
130.56	0.014891921	5.6902325	18.636097
131.2	0.014924321	5.6899292	18.635144
131.84	0.014752249	5.6899441	18.635287
132.48	0.01469191	5.6900216	18.635617
133.12	0.014914704	5.6899901	18.635442
133.76	0.015007535	5.6901822	18.635876
134.4	0.015095011	5.6903662	18.63639
135.04	0.015109946	5.6905034	18.636848
135.68	0.015136819	5.6904401	18.636681
136.32	0.015087991	5.6902811	18.636204
136.96	0.014995307	5.6900836	18.63574
137.6	0.014812996	5.6900075	18.635488
138.24	0.014725603	5.6899639	18.6354
138.88	0.014683537	5.6900533	18.635593
139.52	0.01491311	5.690035	18.635503
140.16	0.014990729	5.6902411	18.636082
140.8	0.015211723	5.6902773	18.636152
141.44	0.015293743	5.6903183	18.636348
142.08	0.015207297	5.6903349	18.636391
142.72	0.015079413	5.6902412	18.636173
143.36	0.014882842	5.6901473	18.635975
144	0.01486287	5.6899299	18.635237
144.64	0.014668566	5.6900214	18.635608
145.28	0.014792367	5.6899756	18.635384
145.92	0.014948578	5.6900437	18.635617
146.56	0.015031525	5.6902455	18.636215
147.2	0.015246979	5.6902661	18.636214
147.84	0.015152327	5.6904544	18.636732
148.48	0.015204027	5.6903124	18.636236
149.12	0.015068208	5.6902087	18.635973
149.76	0.014921627	5.6900708	18.635591
150.4	0.014754943	5.6900123	18.635459
151.04	0.014767082	5.6899243	18.635333
151.68	0.014790127	5.6900033	18.635446
152.32	0.014936371	5.6900948	18.635854
152.96	0.01500053	5.6903155	18.636276
153.6	0.015174869	5.6903622	18.636477
154.24	0.01520612	5.690397	18.636392
154.88	0.015155483	5.6903309	18.636436
155.52	0.015013696	5.6902189	18.636143
156.16	0.014782447	5.6901641	18.635963
156.8	0.014768743	5.6899732	18.635308
157.44	0.014797291	5.6898984	18.635236
158.08	0.014807588	5.6900192	18.635418
158.72	0.014950473	5.6901318	18.635886
159.36	0.015280416	5.690085	18.635689
160	0.015119974	5.6904441	18.636513
160.64	0.015188424	5.6904067	18.636511
161.28	0.015078755	5.6903715	18.636647
161.92	0.015047966	5.6901357	18.635884
162.56	0.014966211	5.6899351	18.635335
163.2	0.014768057	5.6899485	18.63529
163.84	0.014740316	5.6899635	18.635432
164.48	0.014904502	5.6899533	18.635394
165.12	0.015020842	5.6901106	18.635767
165.76	0.015223617	5.6901851	18.636053
166.4	0.015176199	5.6904055	18.636654
167.04	0.015245385	5.6903393	18.636503
167.68	0.015209589	5.6902032	18.635993
168.32	0.014894257	5.6902378	18.636111
168.96	0.014907407	5.6899553	18.63523
169.6	0.014725617	5.6899788	18.635401
170.24	0.014716637	5.6900009	18.635399
170.88	0.014859586	5.6900431	18.635559
171.52	0.01492564	5.6902572	18.636034
172.16	0.015204576	5.6902468	18.636173
172.8	0.01515693	5.6904392	18.636652
173.44	0.015264554	5.6902997	18.636275
174.08	0.015041895	5.6903241	18.636474
174.72	0.014956919	5.6901259	18.635767
175.36	0.014943824	5.6898844	18.635193
176	0.014524913	5.6901701	18.635987
176.64	0.01474818	5.6899923	18.635466
177.28	0.014894938	5.6900469	18.63551
177.92	0.015072431	5.6901547	18.635858
178.56	0.015181155	5.6903031	18.636396
179.2	0.015253892	5.6903549	18.636373
179.84	0.015256431	5.6902905	18.63632
180.48	0.015013004	5.690315	18.63635
181.12	0.014935942	5.6901015	18.635811
181.76	0.014707588	5.690086	18.635702
182.4	0.014703454	5.68998	18.635442
183.04	0.014771245	5.6899875	18.635455
183.68	0.014959753	5.6900296	18.63553
184.32	0.015106828	5.6901702	18.63589
184.96	0.015120785	5.6903985	18.636629
185.6	0.01514266	5.6904753	18.636812
186.24	0.01513565	5.6903815	18.636402
186.88	0.01502234	5.6902519	18.63616
187.52	0.014900185	5.6900818	18.635609
188.16	0.014786438	5.6899687	18.635253
188.8	0.014695718	5.6899807	18.635441
189.44	0.014709065	5.6900765	18.635626
190.08	0.014915152	5.6901205	18.635801
190.72	0.01498352	5.6903486	18.636439
191.36	0.01530026	5.6902564	18.636103
192	0.015291529	5.6903262	18.636268
192.64	0.015107439	5.6903819	18.636453
193.28	0.01506604	5.6901606	18.63582
193.92	0.014759015	5.6901731	18.635991
194.56	0.014775107	5.6899547	18.635312
195.2	0.014739712	5.6899458	18.635321
195.84	0.014843773	5.6899759	18.635386
196.48	0.014956237	5.690126	18.6359
197.12	0.015028725	5.6903491	18.636364
197.76	0.015173596	5.6904064	18.63661
198.4	0.015260613	5.690343	18.636307
199.04	0.015126747	5.6903221	18.636243
199.68	0.01475683	5.6904207	18.636761
200.32	0.014852153	5.6900443	18.635551
200.96	0.014777154	5.6899397	18.635343
201.6	0.014699706	5.690002	18.635462
202.24	0.014766047	5.6900906	18.63567
202.88	0.014924896	5.6902064	18.636129
203.52	0.015036699	5.6903711	18.63646
204.16	0.0152251	5.6903584	18.636468
204.8	0.015224054	5.6903641	18.636442
205.44	0.015101128	5.6903144	18.636241
206.08	0.01506851	5.6900638	18.635575
206.72	0.014890664	5.6899692	18.635418
207.36	0.014774145	5.6899287	18.635371
208	0.014745082	5.6899719	18.635521
208.64	0.014792081	5.6901043	18.635707
209.28	0.01513082	5.6900463	18.635536
209.92	0.015113618	5.6903344	18.636538
210.56	0.015285831	5.6903137	18.636356
211.2	0.015248665	5.6903154	18.63631
211.84	0.015122624	5.690244	18.636103
212.48	0.015053476	5.6900266	18.635493
213.12	0.01481365	5.6900095	18.635363
213.76	0.014793839	5.6899025	18.6352
214.4	0.014793167	5.6899543	18.6353
215.04	0.01490169	5.6900563	18.635577
215.68	0.015109133	5.6901367	18.635829
216.32	0.015149727	5.6903442	18.636381
216.96	0.015081736	5.6905252	18.636696
217.6	0.015065326	5.6904693	18.636859
218.24	0.015182394	5.6901293	18.635858
218.88	0.014793212	5.6902248	18.636104
219.52	0.014700797	5.6900804	18.63581
220.16	0.014728762	5.6899564	18.635411
220.8	0.014811697	5.6899619	18.63533
221.44	0.014764231	5.6902413	18.63611
222.08	0.015002296	5.6902949	18.636213
222.72	0.015333014	5.6901992	18.635979
223.36	0.01529116	5.6903168	18.636251
224	0.015188757	5.6903158	18.636417
224.64	0.015008048	5.69025	18.636026
225.28	0.014804552	5.6901655	18.635942
225.92	0.014810359	5.6899386	18.635341
226.56	0.014751789	5.6899326	18.635332
227.2	0.014971775	5.689829	18.634936
227.84	0.014859656	5.6901931	18.635931
228.48	0.015107059	5.6902378	18.636141
229.12	0.015106743	5.6904494	18.636642
229.76	0.015269697	5.6903407	18.636385
230.4	0.015025738	5.6904475	18.636675
231.04	0.01497422	5.6902375	18.636065
231.68	0.014856684	5.6900637	18.635584
232.32	0.014788517	5.6899362	18.635339
232.96	0.014751086	5.6899437	18.63531
233.6	0.014713308	5.6901228	18.635771
234.24	0.014937755	5.6901661	18.63605
234.88	0.015140852	5.6902499	18.636102
235.52	0.015235984	5.6903439	18.63644
236.16	0.015222701	5.6903743	18.636554
236.8	0.015059758	5.6903746	18.636533
237.44	0.015026638	5.6901361	18.635845
238.08	0.014823902	5.6900617	18.635621
238.72	0.01485829	5.6898539	18.635041
239.36	0.014778098	5.6899301	18.635151
240	0.014815769	5.6900612	18.635498
240.64	0.015040431	5.6901141	18.635793
241.28	0.015247364	5.690182	18.636085
241.92	0.015355385	5.6902375	18.636053
242.56	0.015291987	5.6902853	18.636222
243.2	0.015119357	5.6902713	18.636186
243.84	0.014893354	5.6902156	18.636068
244.48	0.014930616	5.6899148	18.635249
245.12	0.014705331	5.6899947	18.635505
245.76	0.014710333	5.690017	18.635522
246.4	0.01490201	5.6900206	18.635506
247.04	0.014909033	5.6902949	18.636276
247.68	0.015095045	5.6903701	18.636511
248.32	0.015260356	5.6903443	18.636466
248.96	0.015173795	5.6903849	18.636463
249.6	0.015153416	5.690195	18.635973
250.24	0.014807833	5.6902513	18.636168
250.88	0.014687738	5.6901181	18.635763
251.52	0.014642304	5.6900414	18.635551
252.16	0.014726522	5.6900176	18.635531
252.8	0.014858195	5.6901032	18.635757
253.44	0.015044451	5.690209	18.635991
254.08	0.015099382	5.6904068	18.636429
254.72	0.015187884	5.6904281	18.636613
255.36	0.015157495	5.6903794	18.636499
256	0.015113499	5.690191	18.636086
256.64	0.014910824	5.6900993	18.635685
257.28	0.014828538	5.6899453	18.63532
257.92	0.014699795	5.6899896	18.635483
258.56	0.014820367	5.6899569	18.635326
259.2	0.014807511	5.6902037	18.635964
259.84	0.015041262	5.6902613	18.636205
260.48	0.015154621	5.6903781	18.636415
261.12	0.015166023	5.6904431	18.636655
261.76	0.015065247	5.6904412	18.636744
262.4	0.014974511	5.690283	18.63623
263.04	0.014917401	5.6900521	18.635538
263.68	0.014768951	5.6899835	18.635521
264.32	0.014735775	5.6899519	18.635319
264.96	0.014874129	5.6899336	18.635317
265.6	0.014931591	5.6901201	18.635946
266.24	0.015093349	5.6902451	18.63611
266.88	0.015234204	5.6903207	18.636436
267.52	0.015228438	5.6903752	18.636538
268.16	0.015155701	5.6903164	18.636371
268.8	0.015055422	5.6901519	18.635809
269.44	0.014878595	5.6900438	18.635606
270.08	0.014663369	5.6900626	18.635611
270.72	0.014700424	5.6899937	18.635474
271.36	0.014906108	5.6899341	18.635199
272	0.014912402	5.690196	18.636055
272.64	0.015169605	5.6902241	18.636166
273.28	0.015240816	5.6903403	18.636473
273.92	0.015137881	5.6904561	18.636769
274.56	0.015199865	5.6902254	18.636058
275.2	0.014988289	5.6901597	18.636084
275.84	0.014946531	5.6899309	18.635326
276.48	0.01475025	5.6899575	18.635269
277.12	0.014650911	5.6900571	18.635633
277.76	0.0148065	5.6900764	18.635651
278.4	0.014966322	5.69019	18.635963
279.04	0.015080192	5.6903495	18.636421
279.68	0.015048251	5.6905452	18.637095
280.32	0.015158911	5.6904243	18.636653
280.96	0.015100437	5.6902941	18.636235
281.6	0.014972237	5.6901353	18.635916
282.24	0.014927349	5.6899121	18.635287
282.88	0.01472515	5.6899686	18.635367
283.52	0.014824158	5.6898987	18.635108
284.16	0.01493317	5.6899843	18.635421
284.8	0.014993843	5.690213	18.636027
285.44	0.015163394	5.6903099	18.636234
286.08	0.015301216	5.6903122	18.636374
286.72	0.015237729	5.6903306	18.63641
287.36	0.015101885	5.6902514	18.63615
288	0.014852231	5.6902056	18.636104
288.64	0.014796346	5.6900056	18.635352
289.28	0.014715388	5.6899676	18.635436
289.92	0.014665294	5.6900788	18.635563
290.56	0.014926472	5.6900357	18.63561
291.2	0.015033211	5.6902269	18.636137
291.84	0.015192122	5.6903166	18.63624
292.48	0.015231732	5.6903897	18.636556
293.12	0.015117552	5.6904248	18.636725
293.76	0.015069247	5.690237	18.636173
294.4	0.014831657	5.690178	18.635931
295.04	0.014816659	5.6899475	18.635321
295.68	0.014754416	5.6899132	18.635231
296.32	0.014739905	5.6900172	18.635567
296.96	0.014816716	5.6901816	18.636012
297.6	0.014991347	5.6903145	18.636318
298.24	0.01534	5.6902078	18.636095
298.88	0.015213668	5.6904166	18.636621
299.52	0.014967963	5.690558	18.636913
300.16	0.015159295	5.6901132	18.635813
300.8	0.014786359	5.6901813	18.636015
301.44	0.014646726	5.6900922	18.635663
302.08	0.014758261	5.6899075	18.635226
302.72	0.014705677	5.6900727	18.635599
303.36	0.014896442	5.6901438	18.635893
304	0.015086967	5.6902612	18.636142
304.64	0.015160556	5.6904112	18.636585
305.28	0.015246578	5.6903815	18.636442
305.92	0.015251926	5.6902411	18.636125
306.56	0.015082246	5.6901405	18.63584
307.2	0.014885528	5.6900367	18.635459
307.84	0.014611075	5.690101	18.635629
308.48	0.014776645	5.6898999	18.635145
309.12	0.014709099	5.6901087	18.635825
309.76	0.014946627	5.6901433	18.635791
310.4	0.015115845	5.6902746	18.636137
311.04	0.015237949	5.6903544	18.636255
311.68	0.015336402	5.6902773	18.636155
312.32	0.015122414	5.6903262	18.63634
312.96	0.014990943	5.6901772	18.63595
313.6	0.014870586	5.690007	18.635543
314.24	0.014669908	5.6900265	18.635474
314.88	0.014827054	5.6898643	18.634938
315.52	0.014833027	5.6900312	18.635592
316.16	0.01503658	5.69011	18.635811
316.8	0.015089322	5.6903431	18.63649
317.44	0.015212119	5.6903989	18.636566
318.08	0.015139343	5.6904604	18.63679
318.72	0.015091645	5.6903205	18.636373
319.36	0.014967825	5.6901489	18.635935
320	0.014662405	5.6901751	18.635869
320.64	0.014744147	5.6899394	18.63522
321.28	0.014802625	5.6898997	18.635134
321.92	0.014832425	5.6900666	18.63567
322.56	0.014999372	5.6901952	18.635892
323.2	0.01507941	5.6903953	18.636554
323.84	0.015067621	5.6905526	18.637094
324.48	0.015119798	5.690457	18.636708
325.12	0.015001963	5.6903597	18.636451
325.76	0.014982326	5.6900836	18.635658
326.4	0.014799967	5.6900024	18.6356
327.04	0.014816457	5.6898606	18.635049
327.68	0.014802839	5.6899286	18.635278
328.32	0.014935806	5.6900117	18.635511
328.96	0.014995452	5.6902501	18.636161
329.6	0.015126731	5.6903823	18.636564
330.24	0.015165761	5.6904598	18.636674
330.88	0.015070283	5.6904794	18.636804
331.52	0.014980356	5.6903337	18.636254
332.16	0.014939782	5.6900743	18.635682
332.8	0.014687805	5.690083	18.635665
333.44	0.01477104	5.6899035	18.635354
334.08	0.014778725	5.6899801	18.635313
334.72	0.014906178	5.690089	18.635718
335.36	0.014955608	5.6903384	18.636306
336	0.01522679	5.6903164	18.636351
336.64	0.015045978	5.6905788	18.637035
337.28	0.015113348	5.6904077	18.636521
337.92	0.015001621	5.6902657	18.636175
338.56	0.014859997	5.6901072	18.635641
339.2	0.014751848	5.6899884	18.635396
339.84	0.0147029	5.6899749	18.635387
340.48	0.014734529	5.6900578	18.635587
341.12	0.014969623	5.6900786	18.635753
341.76	0.015064643	5.6902807	18.636351
342.4	0.015060867	5.6905037	18.636763
343.04	0.015203157	5.6904152	18.63658
343.68	0.01518504	5.6902963	18.636275
344.32	0.015065345	5.6901499	18.635955
344.96	0.014878882	5.6900486	18.635442
345.6	0.014804161	5.6899216	18.635304
346.24	0.014693938	5.6899968	18.635418
346.88	0.014968418	5.6898667	18.635015
347.52	0.014905185	5.6901918	18.635905
348.16	0.014925684	5.6904601	18.63672
348.8	0.015133659	5.6904493	18.636709
349.44	0.015304261	5.690301	18.636307
350.08	0.015047024	5.6903936	18.636532
350.72	0.014967599	5.690197	18.636082
351.36	0.014920564	5.6899598	18.635341
352	0.014801755	5.6899033	18.635219
352.64	0.014771593	5.6899294	18.635344
353.28	0.014717146	5.6901561	18.635943
353.92	0.015059399	5.6900935	18.635718
354.56	0.015131313	5.6903007	18.636298
355.2	0.015268569	5.6903294	18.636282
355.84	0.015128268	5.6904564	18.636693
356.48	0.015106021	5.6902873	18.636164
357.12	0.014911729	5.6901945	18.635997
357.76	0.014772852	5.6900652	18.635629
358.4	0.014772592	5.6899189	18.635091
359.04	0.014754694	5.6899687	18.635347
359.68	0.014824526	5.6900895	18.635723
360.32	0.014972437	5.6902331	18.636098
360.96	0.015132276	5.6903385	18.636365
361.6	0.015162468	5.6904446	18.636802
362.24	0.015048584	5.6905135	18.636838
362.88	0.015011522	5.6903395	18.636332
363.52	0.01495329	5.6901108	18.635619
364.16	0.014715338	5.6900951	18.635739
364.8	0.014649276	5.6900453	18.635591
365.44	0.014859133	5.6898969	18.635122
366.08	0.014894605	5.6900738	18.635556
366.72	0.015069847	5.6901855	18.635968
367.36	0.01518388	5.6903202	18.636317
368	0.015194597	5.6904183	18.636568
368.64	0.015156275	5.6903724	18.636564
369.28	0.01507367	5.6902179	18.636061
369.92	0.014876826	5.6901248	18.63583
370.56	0.014806638	5.6899637	18.635432
371.2	0.014728186	5.6899642	18.635279
371.84	0.014694793	5.6900885	18.635729
372.48	0.014928344	5.6900892	18.635794
373.12	0.014990166	5.6903165	18.636401
373.76	0.015112014	5.6904192	18.63664
374.4	0.015138329	5.69047	18.6366
375.04	0.015271136	5.6902278	18.636123
375.68	0.014976626	5.6902714	18.636237
376.32	0.014836301	5.6901261	18.635991
376.96	0.014839326	5.6899093	18.635216
377.6	0.014761852	5.6899299	18.635375
378.24	0.014667554	5.6901431	18.63592
378.88	0.01491513	5.6901463	18.636018
379.52	0.015049685	5.6902968	18.636192
380.16	0.01528345	5.6902729	18.63625
380.8	0.015252192	5.690349	18.63634
381.44	0.015062979	5.6904011	18.636609
382.08	0.015076801	5.690124	18.635777
382.72	0.014795406	5.6901288	18.635923
383.36	0.01475409	5.6899812	18.635312
384	0.014772191	5.6899364	18.635269
384.64	0.014755788	5.6900959	18.635681
385.28	0.014967135	5.6901435	18.635878
385.92	0.015062478	5.6903258	18.636415
386.56	0.015136389	5.6904307	18.63665
387.2	0.015196066	5.690393	18.636554
387.84	0.015144995	5.6902842	18.636177
388.48	0.014942274	5.6902134	18.636184
389.12	0.014794753	5.6900873	18.635719
389.76	0.014677668	5.6900389	18.63557
390.4	0.014733368	5.689986	18.635461
391.04	0.014873619	5.6900146	18.635636
391.68	0.014976646	5.6901844	18.635915
392.32	0.015053138	5.6903731	18.636543
392.96	0.015131595	5.6904547	18.636797
393.6	0.015147904	5.690423	18.636661
394.24	0.015172122	5.6902182	18.636118
394.88	0.014987615	5.6901182	18.635659
395.52	0.01482796	5.690014	18.635461
396.16	0.014737065	5.6899656	18.635226
396.8	0.014632414	5.6900987	18.635728
397.44	0.014849361	5.6900784	18.635655
398.08	0.015005367	5.6902056	18.636001
398.72	0.015024653	5.6904429	18.636853
399.36	0.015216512	5.690384	18.636549
400	0.015135653	5.6904149	18.63657
400.64	0.015136932	5.6902075	18.636051
401.28	0.014970521	5.690092	18.635747
401.92	0.014775012	5.6900309	18.635483
402.56	0.014751058	5.6899426	18.635448
403.2	0.014810763	5.6899389	18.635278
403.84	0.014955179	5.6900121	18.635474
404.48	0.015176788	5.6900746	18.635635
405.12	0.015091387	5.6904084	18.636491
405.76	0.015190783	5.6904176	18.636661
406.4	0.015160628	5.6903713	18.636487
407.04	0.01512401	5.6901807	18.636011
407.68	0.014946798	5.6900653	18.63563
408.32	0.014637852	5.6901388	18.635824
408.96	0.014778282	5.6899096	18.635179
409.6	0.014658325	5.6901167	18.635921
410.24	0.014968738	5.69004	18.63547
410.88	0.015046242	5.6902517	18.636297
411.52	0.015153248	5.6903781	18.636464
412.16	0.015200395	5.6904065	18.636521
412.8	0.015113363	5.6903906	18.636571
413.44	0.015009052	5.69025	18.636154
414.08	0.014777302	5.6901954	18.635877
414.72	0.014780095	5.6899777	18.635476
415.36	0.01477203	5.6899182	18.635288
416	0.014841432	5.6899585	18.635469
416.64	0.015001042	5.690048	18.635513
417.28	0.014975757	5.6903601	18.63653
417.92	0.015115547	5.6904336	18.636695
418.56	0.015160534	5.6904423	18.636656
419.2	0.015037745	5.6904353	18.636685
419.84	0.015009079	5.6902017	18.635985
420.48	0.014908763	5.6900136	18.635468
421.12	0.014789638	5.6899157	18.635126
421.76	0.014745686	5.6899009	18.635028
422.4	0.014815096	5.689961	18.635487
423.04	0.0149261	5.6901051	18.635773
423.68	0.015278841	5.6900456	18.635584
424.32	0.015312861	5.6902216	18.635969
424.96	0.015088261	5.6904829	18.636815
425.6	0.0151086	5.6903258	18.636215
426.24	0.015152623	5.6900171	18.635495
426.88	0.014784137	5.6900943	18.635757
427.52	0.01460552	5.6900768	18.63558
428.16	0.014735261	5.6899262	18.635215
428.8	0.014865756	5.6899468	18.635296
429.44	0.014846045	5.6902408	18.636097
430.08	0.015116485	5.6902551	18.635949
430.72	0.015177241	5.6903782	18.636459
431.36	0.015340755	5.6902234	18.635987
432	0.015036451	5.6903543	18.636326
432.64	0.0150668	5.6900447	18.635527
433.28	0.014713012	5.690122	18.635617
433.92	0.014698341	5.689968	18.635302
434.56	0.014798341	5.6898779	18.635105
435.2	0.014866672	5.6899893	18.635329
435.84	0.015001512	5.6901358	18.635654
436.48	0.015004989	5.6904073	18.636502
437.12	0.015311797	5.6902602	18.636228
437.76	0.015247239	5.6903015	18.636269
438.4	0.015155045	5.6901974	18.635909
439.04	0.014939723	5.6901247	18.635753
439.68	0.014806576	5.6899948	18.635301
440.32	0.014627457	5.6900339	18.635482
440.96	0.014629794	5.6900675	18.63541
441.6	0.014878167	5.6900178	18.635624
442.24	0.015088733	5.6900927	18.635766
442.88	0.015247219	5.6901992	18.63605
443.52	0.015224375	5.6903495	18.636258
444.16	0.015075859	5.6904441	18.636724
444.8	0.015134942	5.6901687	18.635756
445.44	0.014896279	5.6901205	18.63572
446.08	0.014825695	5.689944	18.635306
446.72	0.014631827	5.6900231	18.635538
447.36	0.014828421	5.6898933	18.635148
448	0.014967848	5.6899725	18.635296
448.64	0.015038864	5.6901912	18.636014
449.28	0.01517083	5.6903027	18.636186
449.92	0.015228091	5.6903466	18.636287
450.56	0.015228162	5.6902616	18.636012
451.2	0.015031175	5.6902211	18.636026
451.84	0.014996276	5.6899735	18.635244
452.48	0.01483286	5.68991	18.635188
453.12	0.014660238	5.690001	18.635321
453.76	0.014745004	5.6900112	18.63542
454.4	0.014917815	5.6900754	18.635537
455.04	0.015051129	5.6902316	18.636109
455.68	0.015146491	5.6903566	18.636354
456.32	0.015195408	5.6903742	18.636527
456.96	0.015105688	5.6903473	18.636254
457.6	0.015022082	5.6901863	18.635935
458.24	0.014948303	5.6899786	18.635451
458.88	0.014792881	5.6899256	18.635145
459.52	0.014738099	5.689926	18.635146
460.16	0.014847638	5.689939	18.635253
460.8	0.014859995	5.6901754	18.635922
461.44	0.01510762	5.6902098	18.636023
462.08	0.015200009	5.6903212	18.636269
462.72	0.01524584	5.6903154	18.636249
463.36	0.015016009	5.6904075	18.636603
464	0.014874813	5.6902876	18.636093
464.64	0.014894472	5.6899908	18.63533
465.28	0.014813331	5.6898879	18.635126
465.92	0.014771484	5.689905	18.635192
466.56	0.014858085	5.6899609	18.635364
467.2	0.014896689	5.6901833	18.63593
467.84	0.015067379	5.6902949	18.636158
468.48	0.015289705	5.6902504	18.636287
469.12	0.01510455	5.6904453	18.636654
469.76	0.015052109	5.6903379	18.636325
470.4	0.01494941	5.6901711	18.635867
471.04	0.014754877	5.6900972	18.635669
471.68	0.014808244	5.689882	18.635098
472.32	0.014785417	5.6899051	18.635134
472.96	0.014849799	5.6900061	18.635489
473.6	0.015011339	5.6901182	18.63582
474.24	0.015098729	5.6903006	18.636177
474.88	0.015207474	5.6903497	18.636392
475.52	0.015116132	5.6904174	18.636554
476.16	0.015065287	5.6902834	18.636175
476.8	0.014997673	5.6900721	18.635594
477.44	0.01486809	5.6899457	18.635262
478.08	0.014771261	5.6899047	18.635096
478.72	0.014766296	5.689938	18.635226
479.36	0.014794092	5.6900994	18.635796
480	0.015048135	5.6901266	18.635813
480.64	0.015142456	5.690292	18.636175
481.28	0.015253751	5.6903101	18.636178
481.92	0.015197737	5.6903198	18.636333
482.56	0.014955293	5.6903499	18.636536
483.2	0.01496212	5.6900594	18.635641
483.84	0.014782036	5.6899973	18.63539
484.48	0.014793552	5.6898737	18.635023
485.12	0.014808674	5.6899173	18.635245
485.76	0.014813168	5.6901259	18.635726
486.4	0.015058667	5.6901615	18.635856
487.04	0.015116285	5.690347	18.636217
487.68	0.015120691	5.6904433	18.636701
488.32	0.015069646	5.6904182	18.636493
488.96	0.015043002	5.6902221	18.635848
489.6	0.014909854	5.6900674	18.635584
490.24	0.014756976	5.6899905	18.635335
490.88	0.014768957	5.689892	18.635088
491.52	0.014774224	5.6899778	18.635375
492.16	0.014720065	5.6902657	18.636199
492.8	0.015190626	5.6900801	18.6355
493.44	0.015144696	5.6903537	18.63621
494.08	0.015213369	5.6903581	18.63644
494.72	0.015070713	5.6903892	18.636333
495.36	0.015034329	5.6901788	18.63593
496	0.014949417	5.6899769	18.635389
496.64	0.01480851	5.6899071	18.635043
497.28	0.014692981	5.6899665	18.635234
497.92	0.014835235	5.6899499	18.635374
498.56	0.014891641	5.6901433	18.635745
499.2	0.015125535	5.6901971	18.635919
499.84	0.015157499	5.6903707	18.636499
