0	0.0044423982	5.6846299	18.621778
0.64	0.0044495824	5.6846516	18.621796
1.28	0.0045021822	5.6846745	18.621869
1.92	0.00453867	5.68473	18.621978
2.56	0.0045668808	5.6847708	18.62207
3.2	0.0045639044	5.6847949	18.622127
3.84	0.0045075917	5.6848154	18.622184
4.48	0.0045448344	5.6847005	18.621905
5.12	0.0044547457	5.6847005	18.621868
5.76	0.0044308536	5.6846589	18.621845
6.4	0.0044167249	5.6846558	18.621814
7.04	0.0044380991	5.6846719	18.621879
7.68	0.0044693745	5.6847221	18.621952
8.32	0.0045361794	5.684746	18.622098
8.96	0.0045756498	5.6847719	18.622056
9.6	0.0045673566	5.6847937	18.62211
10.24	0.0045170057	5.6847984	18.622134
10.88	0.0045198958	5.6847128	18.621948
11.52	0.0044268951	5.6847155	18.621965
12.16	0.0044107348	5.684671	18.621754
12.8	0.0044265889	5.684646	18.621752
13.44	0.0044558641	5.6846643	18.621893
14.08	0.0044982527	5.6847072	18.621963
14.72	0.0045003564	5.6847928	18.622116
15.36	0.0045667063	5.684785	18.622108
16	0.0045414947	5.6848135	18.622252
16.64	0.0045180125	5.6847842	18.62219
17.28	0.0044923533	5.684725	18.621962
17.92	0.0044779023	5.6846525	18.621746
18.56	0.0044401815	5.6846377	18.62174
19.2	0.0044110589	5.6846672	18.621888
19.84	0.004422387	5.6847111	18.621934
20.48	0.0044593301	5.6847615	18.622097
21.12	0.0045692377	5.6847366	18.62202
21.76	0.0045722129	5.6847828	18.622098
22.4	0.0045636302	5.6847849	18.622148
23.04	0.0045537373	5.6847357	18.621947
23.68	0.0044514562	5.6847499	18.622045
24.32	0.0044388692	5.6846803	18.621792
24.96	0.0044396459	5.6846364	18.621683
25.6	0.0044293065	5.6846562	18.621745
26.24	0.0044407611	5.6847062	18.621928
26.88	0.0044825595	5.6847544	18.621953
27.52	0.0045084687	5.6848108	18.622125
28.16	0.0045539582	5.6848047	18.622242
28.8	0.0045525656	5.6847899	18.622126
29.44	0.0045412923	5.6847348	18.621953
30.08	0.0044688741	5.6847166	18.621937
30.72	0.0044657286	5.6846412	18.621694
31.36	0.0044020425	5.6846687	18.62188
32	0.0044464731	5.6846442	18.621753
32.64	0.0044777391	5.684681	18.62192
33.28	0.0045083747	5.6847386	18.621987
33.92	0.0045291186	5.6847946	18.622203
34.56	0.0045766764	5.6847804	18.62217
35.2	0.0045481787	5.6847842	18.622123
35.84	0.0045017227	5.6847584	18.621955
36.48	0.0044548214	5.6847155	18.621906
37.12	0.0043951125	5.6847028	18.621979
37.76	0.0044330089	5.6846378	18.621776
38.4	0.0044299155	5.6846693	18.621819
39.04	0.0044856248	5.684687	18.621896
39.68	0.0045080998	5.6847546	18.622052
40.32	0.0045498194	5.6847841	18.622201
40.96	0.0046175702	5.6847388	18.621997
41.6	0.0045687888	5.6847548	18.622086
42.24	0.0045197202	5.6847255	18.621991
42.88	0.0044590908	5.6846965	18.621879
43.52	0.0044260752	5.6846634	18.621799
44.16	0.0044217509	5.6846504	18.621772
44.8	0.0044272367	5.6846825	18.621878
45.44	0.0044811239	5.6847079	18.621916
46.08	0.0045154349	5.6847625	18.622068
46.72	0.0045685339	5.6847735	18.622147
47.36	0.0045447417	5.6848094	18.622212
48	0.0045492166	5.6847607	18.622053
48.64	0.004490446	5.6847385	18.621951
49.28	0.0044791553	5.6846632	18.621773
49.92	0.0044569387	5.6846259	18.621721
50.56	0.0044272859	5.6846474	18.62178
51.2	0.0044226859	5.6846988	18.621855
51.84	0.0044507161	5.6847532	18.622076
52.48	0.0045394571	5.6847518	18.622063
53.12	0.004563382	5.6847849	18.622117
53.76	0.0045855254	5.684765	18.62208
54.4	0.0045321587	5.6847675	18.622129
55.04	0.0044838944	5.6847294	18.621939
55.68	0.0044984635	5.684631	18.621727
56.32	0.0044152993	5.6846621	18.621763
56.96	0.0044278441	5.6846518	18.621804
57.6	0.0044512391	5.6846807	18.62188
58.24	0.0044956697	5.6847238	18.622003
58.88	0.0045854497	5.6847197	18.621961
59.52	0.004541396	5.6848126	18.622198
60.16	0.0045716821	5.6847752	18.62205
60.8	0.0045143027	5.6847724	18.622097
61.44	0.0044607111	5.6847376	18.621954
62.08	0.0044091165	5.6847081	18.621938
62.72	0.0044058782	5.6846668	18.621841
63.36	0.0044052693	5.6846785	18.621828
64	0.0044611142	5.6846844	18.621839
64.64	0.004528541	5.6847073	18.621942
65.28	0.0045576345	5.6847591	18.622013
65.92	0.0045689345	5.6847883	18.622151
66.56	0.0045424449	5.6847972	18.62216
67.2	0.0045346166	5.6847388	18.621968
67.84	0.0044763148	5.6847065	18.621917
68.48	0.0044154326	5.6846905	18.621893
69.12	0.0043904869	5.684679	18.621834
69.76	0.0044366029	5.684654	18.62173
70.4	0.0044293101	5.6847293	18.621981
71.04	0.0044708048	5.6847793	18.622098
71.68	0.0045561995	5.6847708	18.622167
72.32	0.0045615243	5.6847982	18.622184
72.96	0.0045570253	5.6847756	18.622157
73.6	0.0045482844	5.6847117	18.621934
74.24	0.0044349493	5.6847333	18.621995
74.88	0.0044520158	5.6846443	18.621737
75.52	0.00441362	5.6846565	18.621836
76.16	0.00447616	5.6846223	18.62172
76.8	0.0045113647	5.684661	18.621808
77.44	0.0044981583	5.6847662	18.622103
78.08	0.0045441279	5.6847915	18.622148
78.72	0.004557754	5.6848016	18.622204
79.36	0.0045255962	5.6847971	18.622159
80	0.0044994935	5.6847444	18.622031
80.64	0.0044511614	5.6847033	18.621898
81.28	0.0044264987	5.6846617	18.62178
81.92	0.0043764775	5.684694	18.621833
82.56	0.0044366576	5.6846713	18.621822
83.2	0.0044807671	5.6847055	18.621996
83.84	0.0045173721	5.6847608	18.622133
84.48	0.0045006237	5.684843	18.62231
85.12	0.0045652084	5.6847927	18.622124
85.76	0.0045287276	5.6847845	18.622096
86.4	0.004527657	5.6847015	18.621992
87.04	0.0044527905	5.6846867	18.621837
87.68	0.0044251518	5.6846559	18.621751
88.32	0.0044143919	5.6846597	18.621682
88.96	0.0044349944	5.6846841	18.621898
89.6	0.0045173359	5.6846858	18.621862
90.24	0.0045243062	5.6847681	18.622131
90.88	0.0045427719	5.684808	18.622288
91.52	0.0045607332	5.684794	18.622174
92.16	0.0045553054	5.6847452	18.621958
92.8	0.0044894739	5.6847228	18.621935
93.44	0.0044658441	5.6846607	18.621791
94.08	0.0044273497	5.6846485	18.621808
94.72	0.0043883979	5.6846888	18.621909
95.36	0.0044496149	5.6846823	18.621915
96	0.0045158034	5.6847034	18.621934
96.64	0.0045386866	5.6847667	18.622066
97.28	0.0045826894	5.6847723	18.622117
97.92	0.0045959287	5.6847531	18.622049
98.56	0.0045367542	5.6847504	18.622076
99.2	0.0044730558	5.6847242	18.621997
99.84	0.0044726982	5.6846423	18.621775
100.48	0.0043867682	5.6846842	18.621913
101.12	0.0044017731	5.6846822	18.621902
101.76	0.0044563	5.6846897	18.621837
102.4	0.0045179299	5.6847156	18.621929
103.04	0.0045355823	5.6847799	18.622192
103.68	0.004576974	5.684782	18.62211
104.32	0.0045466298	5.6847959	18.622128
104.96	0.0045431758	5.6847305	18.621935
105.6	0.0044842313	5.6846983	18.621876
106.24	0.0044251426	5.6846793	18.621897
106.88	0.0044317064	5.6846384	18.621723
107.52	0.0044471472	5.6846443	18.621724
108.16	0.0044616206	5.6846981	18.621857
108.8	0.0045033709	5.6847473	18.622032
109.44	0.0045284708	5.6847989	18.622227
110.08	0.0045711888	5.6847879	18.622161
110.72	0.0045410504	5.6847914	18.62219
111.36	0.0044825042	5.684776	18.622057
112	0.0044557573	5.6847114	18.621983
112.64	0.0044308873	5.684663	18.621815
113.28	0.0044015221	5.6846679	18.621777
113.92	0.004426037	5.6846742	18.621822
114.56	0.0044861592	5.6846887	18.621838
115.2	0.0045369613	5.684729	18.622001
115.84	0.0045277161	5.684809	18.622209
116.48	0.0045837655	5.684775	18.622111
117.12	0.004529831	5.6847921	18.622192
117.76	0.004495122	5.6847474	18.622028
118.4	0.004474678	5.6846773	18.621822
119.04	0.0044163629	5.6846699	18.621871
119.68	0.0044241881	5.6846465	18.621823
120.32	0.004428541	5.6846813	18.621822
120.96	0.0044936329	5.6846976	18.621927
121.6	0.0045140969	5.684767	18.622121
122.24	0.004582926	5.6847616	18.622023
122.88	0.0045814352	5.684775	18.62208
123.52	0.0045467144	5.6847646	18.622071
124.16	0.0045368457	5.6846901	18.621897
124.8	0.0044654061	5.6846719	18.621805
125.44	0.0044262482	5.6846528	18.621722
126.08	0.0044582019	5.6846152	18.621661
126.72	0.0044321527	5.6846891	18.621775
127.36	0.0045076478	5.6846989	18.621932
128	0.0045306617	5.6847647	18.622139
128.64	0.0045499039	5.6848014	18.622171
129.28	0.0045733031	5.6847793	18.622132
129.92	0.0045226851	5.6847761	18.622049
130.56	0.0044606051	5.6847506	18.621991
131.2	0.0044687871	5.6846564	18.621788
131.84	0.0044352926	5.6846382	18.621685
132.48	0.0043975967	5.6846789	18.621886
133.12	0.0044528375	5.6846808	18.621853
133.76	0.0045292999	5.6846933	18.621822
134.4	0.004560247	5.6847481	18.62207
135.04	0.0045431256	5.6848134	18.622212
135.68	0.0046042834	5.6847452	18.622028
136.32	0.0044989063	5.6847885	18.62212
136.96	0.0044971362	5.6846979	18.621849
137.6	0.0044493553	5.6846634	18.621783
138.24	0.0044079499	5.6846615	18.621767
138.88	0.0044442131	5.6846379	18.62176
139.52	0.004460277	5.6846851	18.62189
140.16	0.0044595082	5.6847776	18.622133
140.8	0.0045540578	5.6847653	18.622022
141.44	0.0045615297	5.6847994	18.62213
142.08	0.0046054987	5.6847374	18.622006
142.72	0.004527054	5.6847461	18.622052
143.36	0.004437852	5.6847424	18.621947
144	0.0044309518	5.6846695	18.62187
144.64	0.0043992799	5.6846671	18.621806
145.28	0.0044366633	5.6846521	18.621838
145.92	0.0044833058	5.6846772	18.621878
146.56	0.0044854256	5.6847672	18.622082
147.2	0.0045279921	5.6848044	18.622185
147.84	0.0045772722	5.6847862	18.622187
148.48	0.0045248316	5.6848092	18.622221
149.12	0.0045272389	5.6847296	18.621974
149.76	0.0044569276	5.6847069	18.621926
150.4	0.0044542399	5.6846362	18.62175
151.04	0.0044191288	5.6846467	18.621728
151.68	0.0043954016	5.6847023	18.621878
152.32	0.0044807469	5.6846945	18.621934
152.96	0.0045307362	5.6847375	18.622059
153.6	0.0045555688	5.684785	18.622152
154.24	0.004524981	5.6848372	18.622325
154.88	0.0045506704	5.6847735	18.622072
155.52	0.0045254869	5.6847183	18.621931
156.16	0.0044827496	5.684668	18.621829
156.8	0.0044017698	5.6846821	18.62186
157.44	0.0044389596	5.6846288	18.62171
158.08	0.0044537765	5.6846544	18.621736
158.72	0.0045045771	5.684685	18.621883
159.36	0.0045139959	5.6847675	18.622144
160	0.0045762975	5.6847703	18.622035
160.64	0.0045587002	5.6848008	18.622139
161.28	0.0045591978	5.6847536	18.62208
161.92	0.0045266403	5.6847012	18.621903
162.56	0.0044386031	5.6846976	18.621863
163.2	0.0043861794	5.6846909	18.621905
163.84	0.0044389535	5.6846328	18.621661
164.48	0.0044302241	5.6846894	18.621861
165.12	0.0044819278	5.6847234	18.621915
165.76	0.0045311028	5.6847647	18.622057
166.4	0.0045787137	5.6847754	18.622137
167.04	0.0045666569	5.6847898	18.622153
167.68	0.0045235225	5.6847767	18.622045
168.32	0.0045126766	5.6846981	18.621894
168.96	0.0044543835	5.6846695	18.621869
169.6	0.0044171221	5.6846545	18.621737
170.24	0.004420366	5.6846541	18.621773
170.88	0.0044408313	5.6846911	18.621828
171.52	0.0044949666	5.6847267	18.621978
172.16	0.0045555367	5.6847526	18.622123
172.8	0.0045389173	5.684819	18.622248
173.44	0.0045462048	5.6848042	18.622138
174.08	0.004554481	5.684733	18.621974
174.72	0.0045106298	5.6846834	18.62186
175.36	0.0044592626	5.6846513	18.621757
176	0.0044445744	5.6846235	18.621633
176.64	0.0044085869	5.6846731	18.621787
177.28	0.0045017697	5.6846449	18.621722
177.92	0.0044948592	5.6847433	18.622027
178.56	0.004584489	5.6847365	18.621977
179.2	0.0045117208	5.6848495	18.622298
179.84	0.004549499	5.6847934	18.622104
180.48	0.0045201791	5.6847525	18.622126
181.12	0.004464377	5.6847153	18.621937
181.76	0.004450844	5.6846505	18.621763
182.4	0.0044362125	5.6846294	18.621728
183.04	0.0044107751	5.6846776	18.621808
183.68	0.0044665976	5.6846941	18.621949
184.32	0.0045336171	5.6847191	18.62198
184.96	0.0045747783	5.6847561	18.622005
185.6	0.0045683734	5.684794	18.622229
186.24	0.0045493714	5.6847856	18.622239
186.88	0.0045118185	5.6847476	18.622054
187.52	0.0045019464	5.6846642	18.621753
188.16	0.0044313625	5.6846592	18.621828
188.8	0.0043968536	5.6846693	18.621801
189.44	0.0044179806	5.6846787	18.621892
190.08	0.0044603573	5.6847135	18.621928
190.72	0.0045317815	5.6847338	18.62203
191.36	0.0045515638	5.6847875	18.62215
192	0.0045979941	5.6847642	18.622088
192.64	0.0045457932	5.6847803	18.62203
193.28	0.0045340202	5.6847115	18.621922
193.92	0.0044478666	5.6847035	18.621945
194.56	0.0044311693	5.6846519	18.621732
195.2	0.0044116241	5.6846555	18.621781
195.84	0.0044266357	5.6846799	18.621863
196.48	0.0044691529	5.6847189	18.621949
197.12	0.0045003711	5.6847801	18.622147
197.76	0.0045571837	5.6847902	18.622097
198.4	0.0045337272	5.6848261	18.622292
199.04	0.0045374911	5.6847766	18.62214
199.68	0.0045069565	5.6847222	18.621964
200.32	0.0044289496	5.6847094	18.621879
200.96	0.004436798	5.6846413	18.621706
201.6	0.0044086698	5.6846616	18.621861
202.24	0.0044657402	5.6846524	18.621784
202.88	0.004474129	5.6847308	18.621952
203.52	0.0045463963	5.6847494	18.622059
204.16	0.0045270809	5.6848253	18.622193
204.8	0.0045480388	5.6848071	18.622205
205.44	0.0045244281	5.6847768	18.622083
206.08	0.0044957701	5.684717	18.622017
206.72	0.0044498013	5.6846756	18.621853
207.36	0.0044128259	5.6846607	18.621835
208	0.0044108785	5.6846645	18.621737
208.64	0.0044717999	5.6846597	18.621869
209.28	0.0045334867	5.6846879	18.621835
209.92	0.0045488243	5.684759	18.622076
210.56	0.0045527004	5.6848044	18.622202
211.2	0.0045344501	5.6848142	18.622212
211.84	0.0045323219	5.684754	18.622031
212.48	0.0044996928	5.6846977	18.621948
213.12	0.004456231	5.6846574	18.6218
213.76	0.0043956057	5.6846728	18.621828
214.4	0.0043982346	5.6846835	18.621885
215.04	0.0044983108	5.6846474	18.621778
215.68	0.0045155407	5.6847205	18.621969
216.32	0.0045319529	5.684786	18.622173
216.96	0.0045764867	5.6847825	18.622111
217.6	0.004553354	5.684788	18.622161
218.24	0.004547531	5.6847255	18.622006
218.88	0.0044831303	5.6846983	18.621872
219.52	0.0044441222	5.6846597	18.621782
220.16	0.0044259324	5.6846421	18.621767
220.8	0.0044371872	5.6846525	18.621794
221.44	0.0044912477	5.6846682	18.621748
222.08	0.0044991654	5.6847534	18.622042
222.72	0.0045318642	5.6847977	18.622179
223.36	0.0045824996	5.6847777	18.622074
224	0.0045556937	5.6847766	18.622146
224.64	0.0044761402	5.6847816	18.622152
225.28	0.0044680326	5.6846973	18.621968
225.92	0.0044044844	5.6846892	18.621855
226.56	0.0044236489	5.6846448	18.621758
227.2	0.0044558317	5.6846447	18.621767
227.84	0.0044990786	5.6846771	18.621796
228.48	0.0045005692	5.6847665	18.622021
229.12	0.0045705457	5.6847674	18.622078
229.76	0.0045973452	5.6847608	18.622134
230.4	0.0044997637	5.6848217	18.62224
231.04	0.0044964883	5.6847462	18.621993
231.68	0.004460074	5.684693	18.621916
232.32	0.004377846	5.684709	18.621912
232.96	0.004426801	5.684644	18.621718
233.6	0.0044214504	5.6846879	18.621872
234.24	0.0044638228	5.6847266	18.622011
234.88	0.0045268546	5.6847537	18.622076
235.52	0.0045135555	5.6848307	18.62227
236.16	0.0045839559	5.6847723	18.622146
236.8	0.0045279163	5.6847827	18.622077
237.44	0.0044965519	5.6847311	18.621967
238.08	0.004402498	5.6847361	18.621999
238.72	0.0044195381	5.6846607	18.621772
239.36	0.0043982565	5.6846754	18.621865
240	0.0044654773	5.6846561	18.62184
240.64	0.0044761192	5.6847284	18.621953
241.28	0.0045185138	5.6847747	18.62214
241.92	0.0045815381	5.6847696	18.62208
242.56	0.004571521	5.6847816	18.622096
243.2	0.0045494891	5.6847506	18.62205
243.84	0.0044591115	5.6847532	18.622066
244.48	0.0044417496	5.684684	18.62185
245.12	0.0044324235	5.6846427	18.621733
245.76	0.0044108587	5.6846664	18.62176
246.4	0.0044142855	5.684718	18.621999
247.04	0.0045195419	5.6847	18.621923
247.68	0.0045375268	5.6847684	18.622011
248.32	0.0045543396	5.6848015	18.622204
248.96	0.0045817238	5.6847667	18.622097
249.6	0.0045619335	5.6847251	18.621903
250.24	0.0044698829	5.6847267	18.621962
250.88	0.0044495277	5.6846647	18.621829
251.52	0.0044374475	5.6846329	18.621683
252.16	0.0044017673	5.6846802	18.621853
252.8	0.0044667574	5.68468	18.621885
253.44	0.0045214964	5.6847157	18.62187
254.08	0.0045440841	5.6847744	18.622106
254.72	0.0045890384	5.6847696	18.62203
255.36	0.0045883427	5.6847541	18.622079
256	0.0045248362	5.684748	18.62208
256.64	0.0044890189	5.6846918	18.621896
257.28	0.0044054565	5.6846977	18.621952
257.92	0.0044411458	5.6846276	18.621754
258.56	0.0044377455	5.6846525	18.621756
259.2	0.0044640475	5.6846959	18.621942
259.84	0.0044835396	5.6847679	18.622115
260.48	0.0044899277	5.6848397	18.622204
261.12	0.0045505802	5.6848092	18.622202
261.76	0.0045428741	5.6847907	18.622189
262.4	0.0044966807	5.6847613	18.622034
263.04	0.0044834413	5.6846835	18.621702
263.68	0.0044188271	5.6846736	18.621799
264.32	0.0043888988	5.6846781	18.621781
264.96	0.0044328714	5.6846657	18.621806
265.6	0.0044777507	5.6846979	18.621939
266.24	0.0045362318	5.6847309	18.621909
266.88	0.0045687714	5.6847704	18.622146
267.52	0.0045562122	5.6848045	18.622178
268.16	0.004509549	5.6848139	18.622198
268.8	0.0045302094	5.6847126	18.62198
269.44	0.0044175619	5.6847328	18.622068
270.08	0.0044744823	5.6846104	18.621669
270.72	0.004370294	5.6846974	18.621906
271.36	0.004428033	5.6846807	18.621922
272	0.0044843682	5.6847065	18.621989
272.64	0.0045337832	5.6847492	18.62202
273.28	0.0045482772	5.6847985	18.622128
273.92	0.0045478895	5.68481	18.622218
274.56	0.0045365324	5.6847746	18.622116
275.2	0.0044835946	5.6847431	18.621979
275.84	0.0044659265	5.6846702	18.621844
276.48	0.0044291346	5.684647	18.62175
277.12	0.0044325302	5.6846391	18.621692
277.76	0.0044321256	5.6846893	18.621865
278.4	0.0045045843	5.6847025	18.62195
279.04	0.0045254847	5.6847714	18.622131
279.68	0.00455446	5.684799	18.622186
280.32	0.0045163684	5.6848374	18.622332
280.96	0.0045134948	5.6847858	18.622155
281.6	0.0044894828	5.6847206	18.621951
282.24	0.0044718254	5.6846526	18.621835
282.88	0.0043921871	5.6846808	18.621849
283.52	0.0043993632	5.6846778	18.621807
284.16	0.0044613039	5.6846724	18.621736
284.8	0.0044966405	5.6847263	18.621994
285.44	0.0045591974	5.6847496	18.622067
286.08	0.0045571212	5.6847992	18.622164
286.72	0.0045630065	5.6847849	18.622196
287.36	0.0044786849	5.6848065	18.622246
288	0.0045023036	5.6846923	18.621895
288.64	0.0044342739	5.6846777	18.621803
289.28	0.0044097807	5.6846609	18.62177
289.92	0.0044447014	5.684638	18.621744
290.56	0.0044556011	5.6846911	18.621908
291.2	0.00450291	5.6847344	18.62202
291.84	0.004540811	5.6847795	18.622093
292.48	0.0045593034	5.6848006	18.622125
293.12	0.0045353805	5.6848053	18.622283
293.76	0.0045266551	5.6847443	18.622034
294.4	0.0044616317	5.6847169	18.621873
295.04	0.004388318	5.6847128	18.621886
295.68	0.0043983278	5.6846702	18.621821
296.32	0.0044331816	5.6846588	18.62182
296.96	0.0044432605	5.6847185	18.621941
297.6	0.0045240422	5.6847307	18.622008
298.24	0.0045819208	5.684749	18.62201
298.88	0.0045566599	5.6848029	18.622138
299.52	0.0045026355	5.6848267	18.622234
300.16	0.0045108564	5.6847443	18.622116
300.8	0.004448535	5.6847144	18.621968
301.44	0.0044332106	5.6846596	18.621778
302.08	0.004436487	5.6846325	18.621633
302.72	0.004395926	5.684705	18.621972
303.36	0.004475307	5.6847022	18.62193
304	0.0045099262	5.6847592	18.622027
304.64	0.0045179792	5.6848196	18.622157
305.28	0.0045397074	5.6848185	18.622202
305.92	0.0045232394	5.6847967	18.622208
306.56	0.0045183942	5.6847219	18.622035
307.2	0.0044540827	5.6846966	18.621811
307.84	0.0044121975	5.6846738	18.621847
308.48	0.0044037683	5.6846665	18.621752
309.12	0.0044967634	5.6846151	18.621707
309.76	0.0044492497	5.6847436	18.6221
310.4	0.0045357838	5.6847463	18.621997
311.04	0.0045784637	5.6847671	18.622073
311.68	0.0045576062	5.6847976	18.62218
312.32	0.0045288281	5.68478	18.622098
312.96	0.0044634743	5.6847615	18.622042
313.6	0.0044857553	5.684652	18.621799
314.24	0.0044433905	5.6846358	18.621764
314.88	0.0044077636	5.6846661	18.62184
315.52	0.0044585505	5.684664	18.621801
316.16	0.0044749815	5.6847319	18.62195
316.8	0.0045622843	5.6847329	18.621946
317.44	0.0045712623	5.68478	18.622079
318.08	0.0045494038	5.6848031	18.622208
318.72	0.0045428014	5.6847556	18.622151
319.36	0.0044904334	5.6847207	18.621892
320	0.0044110743	5.6847135	18.621952
320.64	0.0043990336	5.6846747	18.621853
321.28	0.0044509563	5.6846257	18.621721
321.92	0.0044508364	5.6846832	18.621875
322.56	0.0045012569	5.684722	18.621944
323.2	0.0045104952	5.6847979	18.622101
323.84	0.0045755931	5.6847803	18.622181
324.48	0.0045622677	5.6847849	18.622107
325.12	0.0045056933	5.6847784	18.622077
325.76	0.0044815093	5.6847128	18.621932
326.4	0.0043959615	5.6847158	18.62202
327.04	0.0044159826	5.684655	18.62168
327.68	0.0044106456	5.6846742	18.621857
328.32	0.0044587312	5.6846899	18.62184
328.96	0.0045035679	5.6847351	18.621969
329.6	0.0045157579	5.6848033	18.622153
330.24	0.0045400717	5.6848173	18.622259
330.88	0.0045461004	5.6847924	18.622156
331.52	0.0045273249	5.6847422	18.62201
332.16	0.0044708554	5.6847085	18.621898
332.8	0.0044249353	5.6846785	18.621933
333.44	0.0043946592	5.6846751	18.621816
334.08	0.0044361016	5.6846567	18.621699
334.72	0.0044304677	5.6847323	18.621958
335.36	0.0045203275	5.684734	18.621979
336	0.0045482658	5.6847806	18.622176
336.64	0.0045834966	5.6847751	18.622107
337.28	0.0045819879	5.6847489	18.622048
337.92	0.0045288568	5.6847255	18.621947
338.56	0.004452939	5.6847099	18.621963
339.2	0.004453708	5.684639	18.621735
339.84	0.004405852	5.6846632	18.621772
340.48	0.0044594422	5.6846427	18.621773
341.12	0.004465798	5.6847133	18.621914
341.76	0.0045219026	5.6847484	18.622116
342.4	0.0045352416	5.6848037	18.622197
343.04	0.0045367266	5.6848222	18.622213
343.68	0.0045353871	5.6847838	18.622097
344.32	0.0044767931	5.6847608	18.622055
344.96	0.0044678205	5.6846808	18.621822
345.6	0.0044635997	5.6846218	18.621725
346.24	0.0044151892	5.6846563	18.621823
346.88	0.0044299075	5.6846843	18.621772
347.52	0.0044805048	5.6847151	18.621994
348.16	0.0045186568	5.6847659	18.622114
348.8	0.0045586444	5.6847866	18.622125
349.44	0.0045574226	5.6847977	18.622164
350.08	0.004551198	5.6847556	18.622056
350.72	0.00445485	5.6847674	18.622025
351.36	0.0044666564	5.6846692	18.621844
352	0.0044143525	5.6846645	18.621826
352.64	0.0044296714	5.6846462	18.621752
353.28	0.0044770666	5.6846488	18.621759
353.92	0.0044928587	5.6847164	18.621887
354.56	0.0045085811	5.6847876	18.622257
355.2	0.0045628416	5.6847873	18.622085
355.84	0.0045313095	5.6848174	18.622255
356.48	0.0045335288	5.6847604	18.62207
357.12	0.0044950885	5.6847135	18.621979
357.76	0.0044417099	5.6846836	18.621867
358.4	0.0044157672	5.6846611	18.621816
359.04	0.0044083262	5.6846732	18.621809
359.68	0.004472496	5.6846652	18.621797
360.32	0.0045039517	5.68472	18.62196
360.96	0.0045175397	5.6847893	18.622204
361.6	0.0046333535	5.6847195	18.621936
362.24	0.0045613525	5.6847814	18.622142
362.88	0.004538681	5.6847435	18.621988
363.52	0.0044783959	5.6847152	18.62191
364.16	0.0044125052	5.6847011	18.62192
364.8	0.0044069979	5.6846663	18.621799
365.44	0.0044495069	5.6846383	18.621747
366.08	0.0044599355	5.6846916	18.621929
366.72	0.0045415504	5.6846974	18.621903
367.36	0.0045797305	5.6847386	18.622009
368	0.0045377641	5.6848176	18.62226
368.64	0.0045468523	5.6847888	18.622136
369.28	0.0045190973	5.6847494	18.622039
369.92	0.0044446958	5.6847338	18.622057
370.56	0.0044092872	5.6846949	18.621911
371.2	0.0043927412	5.6846788	18.621916
371.84	0.0043791485	5.6847146	18.621902
372.48	0.0044427601	5.6847215	18.621967
373.12	0.0045034236	5.6847506	18.622081
373.76	0.0045490358	5.6847802	18.622101
374.4	0.0045717325	5.6847848	18.622156
375.04	0.0045514097	5.6847764	18.622076
375.68	0.0045322902	5.6847213	18.621965
376.32	0.0044696087	5.6846945	18.621948
376.96	0.0044249877	5.6846695	18.621767
377.6	0.0044236819	5.6846477	18.621682
378.24	0.0044750232	5.6846295	18.621735
378.88	0.0045084464	5.6846711	18.62182
379.52	0.0045246043	5.6847443	18.622021
380.16	0.0045568197	5.684781	18.622154
380.8	0.0045661185	5.6847903	18.622164
381.44	0.0045437721	5.6847732	18.622145
382.08	0.004523427	5.6847143	18.621997
382.72	0.0044257905	5.6847234	18.622033
383.36	0.0044667591	5.6846204	18.621677
384	0.0044111559	5.6846631	18.621911
384.64	0.0044687969	5.6846462	18.621787
385.28	0.0045086316	5.6846864	18.621834
385.92	0.0044987728	5.6847831	18.622165
386.56	0.0045412385	5.6848019	18.62215
387.2	0.0045957829	5.6847561	18.622093
387.84	0.0045177244	5.6847878	18.622103
388.48	0.0045233319	5.6846994	18.621923
389.12	0.0044639368	5.6846734	18.621817
389.76	0.0044373491	5.6846453	18.621854
390.4	0.004430551	5.6846475	18.62183
391.04	0.004469509	5.6846572	18.621766
391.68	0.0044840144	5.6847244	18.621997
392.32	0.0045303974	5.6847634	18.622082
392.96	0.0045742029	5.6847737	18.622093
393.6	0.0045792684	5.684769	18.622095
394.24	0.004494106	5.6847998	18.622191
394.88	0.0044887266	5.6847194	18.621983
395.52	0.0044745272	5.6846523	18.621757
396.16	0.0044377636	5.6846408	18.621754
396.8	0.0044226186	5.6846606	18.621807
397.44	0.0044468582	5.6846912	18.621894
398.08	0.0044865777	5.6847369	18.621934
398.72	0.0045074587	5.6847977	18.622153
399.36	0.004562952	5.6847895	18.622147
400	0.0045051959	5.684837	18.62226
400.64	0.0044825235	5.6847998	18.622214
401.28	0.0044826757	5.6847118	18.621949
401.92	0.0044825344	5.6846334	18.621727
402.56	0.0044165101	5.684658	18.621856
403.2	0.0044726593	5.6846155	18.621673
403.84	0.0044807405	5.684669	18.621806
404.48	0.0044799198	5.6847569	18.622061
405.12	0.0045571825	5.6847588	18.622076
405.76	0.0045287516	5.6848255	18.622377
406.4	0.0045539127	5.6847824	18.622157
407.04	0.0045258	5.6847429	18.621956
407.68	0.0044977949	5.6846816	18.621815
408.32	0.0044450795	5.6846599	18.621781
408.96	0.0044159197	5.6846572	18.621757
409.6	0.0044343362	5.6846607	18.621794
410.24	0.0044815744	5.6846829	18.62189
410.88	0.0045245246	5.6847291	18.622003
411.52	0.0045487332	5.6847783	18.622096
412.16	0.0045735848	5.6847822	18.622093
412.8	0.0045614748	5.6847651	18.622153
413.44	0.0045120562	5.6847421	18.622058
414.08	0.0044600403	5.6847043	18.621888
414.72	0.0044767343	5.6846182	18.621703
415.36	0.0044164353	5.684657	18.621794
416	0.0044176622	5.6846874	18.621931
416.64	0.0044497232	5.6847298	18.62199
417.28	0.0044954489	5.6847731	18.622104
417.92	0.0045583983	5.6847778	18.622129
418.56	0.0045774825	5.6847772	18.622159
419.2	0.0045443253	5.6847721	18.622039
419.84	0.0044963702	5.6847412	18.622032
420.48	0.0044548816	5.684695	18.621893
421.12	0.0044194001	5.6846686	18.62187
421.76	0.0044390017	5.6846345	18.621791
422.4	0.0044574694	5.684657	18.621813
423.04	0.0044646911	5.6847296	18.621947
423.68	0.0045481943	5.6847345	18.622049
424.32	0.0045638855	5.6847802	18.622096
424.96	0.0045430587	5.684809	18.622181
425.6	0.0045165249	5.6847889	18.622093
426.24	0.0045095692	5.684714	18.621858
426.88	0.0044502501	5.6846858	18.621879
427.52	0.0043897991	5.6846907	18.621871
428.16	0.0044333354	5.6846442	18.621785
428.8	0.0044685062	5.684658	18.621796
429.44	0.0045228723	5.6846876	18.621871
430.08	0.0045544176	5.6847418	18.622079
430.72	0.004565604	5.6847841	18.622143
431.36	0.0045612594	5.684787	18.622092
432	0.0045163024	5.6847762	18.622154
432.64	0.0044403622	5.6847663	18.622046
433.28	0.0044470158	5.6846771	18.621886
433.92	0.0044523541	5.6846241	18.621691
434.56	0.0044288791	5.6846541	18.621774
435.2	0.0044768043	5.6846628	18.62177
435.84	0.0044842008	5.6847425	18.621974
436.48	0.0045229132	5.6847856	18.622117
437.12	0.0045929272	5.6847594	18.62203
437.76	0.004532624	5.6848074	18.622219
438.4	0.0044887342	5.6847888	18.622144
439.04	0.0044587607	5.6847308	18.621972
439.68	0.0044280789	5.6846845	18.621861
440.32	0.0044164008	5.6846591	18.621815
440.96	0.0044350678	5.6846564	18.621793
441.6	0.004434011	5.6847226	18.621844
442.24	0.0045209026	5.684723	18.622001
442.88	0.0045558066	5.6847657	18.622093
443.52	0.004558513	5.6847973	18.622165
444.16	0.0045805139	5.6847515	18.622092
444.8	0.0044843105	5.6847774	18.622073
445.44	0.0044135784	5.6847602	18.622082
446.08	0.0044506294	5.6846505	18.621709
446.72	0.0044478719	5.684625	18.621694
447.36	0.0044162999	5.6846821	18.621957
448	0.0044446921	5.6847239	18.621998
448.64	0.0045033388	5.6847547	18.62203
449.28	0.0045433148	5.6847859	18.62212
449.92	0.0045877173	5.6847675	18.622099
450.56	0.0045574561	5.6847672	18.622074
451.2	0.0045010267	5.684748	18.62206
451.84	0.0044932577	5.6846656	18.621748
452.48	0.0044620063	5.6846295	18.621687
453.12	0.0044369228	5.684636	18.621695
453.76	0.004432349	5.6846759	18.621862
454.4	0.0045012046	5.6846847	18.621899
455.04	0.0045226973	5.6847511	18.622001
455.68	0.0045362388	5.6848024	18.622139
456.32	0.0045749808	5.6847795	18.622088
456.96	0.0045504932	5.6847619	18.622079
457.6	0.0045213457	5.6847117	18.62201
458.24	0.0044093753	5.6847358	18.622021
458.88	0.0044260934	5.6846588	18.621826
459.52	0.0043991052	5.6846763	18.621804
460.16	0.0044494594	5.6846704	18.621877
460.8	0.0045037736	5.6846968	18.621865
461.44	0.0045205942	5.6847671	18.622064
462.08	0.004588282	5.6847564	18.622015
462.72	0.0045803286	5.6847691	18.622084
463.36	0.0045152311	5.6847841	18.622126
464	0.0044936009	5.6847233	18.621879
464.64	0.0044895813	5.6846439	18.621753
465.28	0.0044179189	5.6846632	18.621676
465.92	0.0044303588	5.6846508	18.621742
466.56	0.0044287188	5.6847048	18.621951
467.2	0.0044866221	5.6847302	18.62203
467.84	0.0045407574	5.6847585	18.622
468.48	0.004567223	5.6847812	18.622137
469.12	0.0045517754	5.6847906	18.622176
469.76	0.0045620528	5.6847238	18.621974
470.4	0.0044535558	5.6847476	18.621988
471.04	0.004481448	5.6846404	18.621732
471.68	0.00441769	5.6846606	18.621802
472.32	0.004436948	5.6846506	18.6218
472.96	0.0044043449	5.6847419	18.62199
473.6	0.0044576103	5.6847737	18.622094
474.24	0.0045458466	5.6847641	18.622124
474.88	0.0045726059	5.6847765	18.622071
475.52	0.0045820657	5.6847533	18.622142
476.16	0.0045250313	5.6847477	18.622016
476.8	0.0044795199	5.6847076	18.621871
477.44	0.0044740593	5.6846384	18.62175
478.08	0.0043937714	5.6846832	18.621821
478.72	0.0044414408	5.6846542	18.621748
479.36	0.0044880838	5.6846715	18.621866
480	0.0044933913	5.6847519	18.622049
480.64	0.0045519772	5.6847683	18.622156
481.28	0.0045131501	5.6848389	18.622303
481.92	0.0045491194	5.6847778	18.622124
482.56	0.0045072162	5.6847504	18.622046
483.2	0.0044724243	5.6847004	18.621878
483.84	0.0044080942	5.6846946	18.621899
484.48	0.0044345709	5.6846421	18.621754
485.12	0.0044350579	5.6846682	18.621829
485.76	0.0044864027	5.6846863	18.621848
486.4	0.0044870637	5.6847722	18.622054
487.04	0.0045093782	5.6848198	18.622351
487.68	0.0045370267	5.6848148	18.622186
488.32	0.0045748505	5.684745	18.622062
488.96	0.0045153171	5.6847287	18.621953
489.6	0.0044351969	5.6847224	18.621966
490.24	0.0044484633	5.6846453	18.6218
490.88	0.0044413121	5.6846363	18.62171
491.52	0.0044527693	5.6846608	18.621812
492.16	0.0044925354	5.6846955	18.621922
492.8	0.0045551044	5.6847184	18.621966
493.44	0.0045598471	5.6847774	18.62216
494.08	0.0045937561	5.684756	18.622047
494.72	0.0045265613	5.6847822	18.622123
495.36	0.0044978084	5.6847316	18.622038
496	0.0044642916	5.6846813	18.621768
496.64	0.0044371482	5.6846514	18.621778
497.28	0.004435742	5.6846448	18.621827
497.92	0.0044731393	5.6846522	18.621728
498.56	0.0045100314	5.6846936	18.621906
499.2	0.004553251	5.6847332	18.621948
499.84	0.0045649048	5.6847762	18.622127
