0	0.0014786866	5.6782149	18.603121
0.64	0.001481685	5.6782215	18.603094
1.28	0.0014865455	5.6782403	18.60318
1.92	0.0015086912	5.6782478	18.603175
2.56	0.0015219173	5.678258	18.603226
3.2	0.0015143073	5.678273	18.603249
3.84	0.0015091318	5.6782671	18.603221
4.48	0.0015116868	5.6782392	18.60316
5.12	0.0014862641	5.6782352	18.603159
5.76	0.0014846871	5.6782148	18.60309
6.4	0.0014772108	5.6782166	18.603076
7.04	0.0014761659	5.6782299	18.603102
7.68	0.0014956118	5.6782364	18.603182
8.32	0.0015152913	5.6782455	18.603139
8.96	0.0015140366	5.678268	18.60321
9.6	0.0015098927	5.6782772	18.603262
10.24	0.0015139056	5.6782594	18.603259
10.88	0.0015028605	5.6782434	18.603141
11.52	0.0014845249	5.6782323	18.603165
12.16	0.0014829531	5.6782144	18.603087
12.8	0.0014706796	5.678224	18.603103
13.44	0.0014703779	5.6782388	18.603146
14.08	0.0015029981	5.6782338	18.603138
14.72	0.0015084983	5.6782572	18.603236
15.36	0.0015135296	5.6782711	18.603225
16	0.0015208833	5.6782651	18.603175
16.64	0.0015100623	5.678259	18.603235
17.28	0.001496216	5.6782448	18.603146
17.92	0.0014958803	5.6782168	18.603105
18.56	0.0014762589	5.6782193	18.603113
19.2	0.0014899512	5.6782056	18.603056
19.84	0.0014782066	5.6782351	18.603175
20.48	0.0014900282	5.6782519	18.603195
21.12	0.001508948	5.6782607	18.603199
21.76	0.0015205899	5.6782655	18.603245
22.4	0.0015116853	5.678273	18.603268
23.04	0.0015006961	5.6782645	18.603194
23.68	0.0014861584	5.6782499	18.603174
24.32	0.0014863404	5.6782226	18.603053
24.96	0.0014703573	5.6782236	18.603092
25.6	0.001473151	5.6782245	18.60307
26.24	0.0014802637	5.6782372	18.603159
26.88	0.0014933409	5.6782531	18.603219
27.52	0.0015126788	5.6782608	18.603216
28.16	0.0015248287	5.6782624	18.603207
28.8	0.0015175804	5.678265	18.603201
29.44	0.0015106145	5.6782501	18.603218
30.08	0.0014858976	5.6782449	18.603153
30.72	0.0014730124	5.6782322	18.603135
31.36	0.0014681643	5.678225	18.603109
32	0.0014832064	5.6782166	18.603073
32.64	0.0014903918	5.6782319	18.603158
33.28	0.0014941833	5.6782577	18.603203
33.92	0.0015224191	5.6782548	18.603187
34.56	0.0015217002	5.6782661	18.603189
35.2	0.0015197649	5.6782598	18.603208
35.84	0.0015049714	5.6782508	18.60322
36.48	0.0014810248	5.6782447	18.603192
37.12	0.0014668121	5.6782351	18.60315
37.76	0.0014817033	5.6782115	18.603077
38.4	0.0014717095	5.678231	18.603129
39.04	0.0014846176	5.6782424	18.603174
39.68	0.0015107356	5.678246	18.603219
40.32	0.0015204529	5.67826	18.60322
40.96	0.0015120488	5.6782757	18.603268
41.6	0.001528071	5.6782485	18.603141
42.24	0.0015036014	5.6782473	18.603202
42.88	0.0014865594	5.6782349	18.60319
43.52	0.00147566	5.6782233	18.603105
44.16	0.0014729539	5.6782201	18.603152
44.8	0.0014804023	5.6782255	18.603122
45.44	0.0014968331	5.6782354	18.603148
46.08	0.001522382	5.6782392	18.603162
46.72	0.0015145481	5.6782686	18.603228
47.36	0.0015180357	5.6782695	18.603267
48	0.0015163784	5.6782571	18.60315
48.64	0.0015061346	5.6782397	18.603207
49.28	0.0014853148	5.6782311	18.603111
49.92	0.0014706921	5.678226	18.603123
50.56	0.0014647173	5.6782291	18.603142
51.2	0.0014875399	5.6782216	18.603095
51.84	0.0014808333	5.6782559	18.603194
52.48	0.0015036598	5.6782626	18.603157
53.12	0.0015168682	5.6782686	18.603252
53.76	0.0015179851	5.6782684	18.603249
54.4	0.0015162227	5.678253	18.603151
55.04	0.0014937678	5.6782471	18.603174
55.68	0.0014960633	5.6782161	18.603122
56.32	0.0014599649	5.6782348	18.603166
56.96	0.0014649772	5.6782301	18.60315
57.6	0.0014934269	5.6782196	18.603095
58.24	0.0014946705	5.6782474	18.603227
58.88	0.0015244397	5.6782463	18.603167
59.52	0.0015101908	5.6782771	18.603214
60.16	0.0015179389	5.6782679	18.603223
60.8	0.0015051467	5.6782603	18.603218
61.44	0.001485482	5.6782501	18.603213
62.08	0.0014689631	5.6782387	18.603158
62.72	0.0014645174	5.6782285	18.603101
63.36	0.0014843185	5.6782122	18.603099
64	0.0014752763	5.6782417	18.603156
64.64	0.0014997144	5.6782471	18.603111
65.28	0.0015157933	5.6782587	18.603227
65.92	0.0015098419	5.6782792	18.603198
66.56	0.0015155552	5.678268	18.603229
67.2	0.0015041695	5.6782567	18.603181
67.84	0.0014973162	5.6782335	18.603128
68.48	0.0014903452	5.6782139	18.603086
69.12	0.0014792426	5.6782128	18.603077
69.76	0.0014836036	5.6782156	18.603057
70.4	0.0014887022	5.6782329	18.603173
71.04	0.0014945953	5.6782568	18.603251
71.68	0.0015222014	5.6782554	18.603186
72.32	0.0015156421	5.6782734	18.603252
72.96	0.0015132167	5.6782678	18.603212
73.6	0.0014897352	5.6782667	18.603221
74.24	0.0014869364	5.6782387	18.603198
74.88	0.0014829159	5.6782182	18.603066
75.52	0.0014630844	5.678229	18.60313
76.16	0.0014777174	5.6782238	18.603127
76.8	0.001492586	5.6782337	18.603145
77.44	0.0015080132	5.6782488	18.603216
78.08	0.001513121	5.6782679	18.603253
78.72	0.0015296756	5.6782598	18.603192
79.36	0.0015135214	5.6782645	18.603235
80	0.0014985819	5.6782529	18.603194
80.64	0.0014826822	5.6782383	18.603148
81.28	0.0014770612	5.6782211	18.603103
81.92	0.0014798192	5.6782121	18.603082
82.56	0.0014713533	5.678233	18.603142
83.2	0.0014964745	5.6782347	18.60313
83.84	0.0015190962	5.6782426	18.603184
84.48	0.001518141	5.678266	18.603252
85.12	0.0015173816	5.6782716	18.603255
85.76	0.0015023086	5.6782719	18.603197
86.4	0.0015037323	5.6782427	18.603203
87.04	0.0015002111	5.6782164	18.603035
87.68	0.0014667046	5.6782291	18.603132
88.32	0.0014866562	5.6782063	18.603057
88.96	0.0014948033	5.6782133	18.603061
89.6	0.001491202	5.6782449	18.603159
90.24	0.0015090427	5.6782574	18.603212
90.88	0.0015114481	5.678275	18.603253
91.52	0.0015271058	5.6782607	18.603203
92.16	0.0015310918	5.6782391	18.603141
92.8	0.0015062738	5.6782347	18.603136
93.44	0.0014802165	5.6782318	18.603153
94.08	0.00146509	5.6782288	18.603125
94.72	0.0014655476	5.6782286	18.603117
95.36	0.001486415	5.678226	18.603105
96	0.001508756	5.6782331	18.603119
96.64	0.0015045349	5.6782662	18.603229
97.28	0.001511119	5.6782768	18.603273
97.92	0.0015184221	5.6782675	18.603248
98.56	0.0015068678	5.6782589	18.603208
99.2	0.0014863293	5.6782492	18.603171
99.84	0.0014825519	5.678225	18.603138
100.48	0.0014788517	5.678214	18.603093
101.12	0.0014836311	5.6782124	18.603042
101.76	0.0014960514	5.6782206	18.603167
102.4	0.001497978	5.6782491	18.603165
103.04	0.0015246233	5.6782503	18.603163
103.68	0.0015296163	5.6782594	18.603232
104.32	0.0015156592	5.6782681	18.603239
104.96	0.0015075231	5.678254	18.603225
105.6	0.0014969748	5.6782342	18.603107
106.24	0.0014820953	5.6782218	18.603127
106.88	0.0014675852	5.6782239	18.603113
107.52	0.0014806112	5.6782177	18.603071
108.16	0.001482836	5.6782384	18.603141
108.8	0.001505456	5.6782467	18.603188
109.44	0.0015209529	5.6782576	18.603211
110.08	0.0015184028	5.6782714	18.603207
110.72	0.0015225861	5.6782587	18.603215
111.36	0.0015124241	5.6782438	18.60319
112	0.0014838003	5.6782416	18.603136
112.64	0.0014678781	5.6782329	18.603137
113.28	0.0014701327	5.6782214	18.603126
113.92	0.0014862672	5.678215	18.603132
114.56	0.0014794855	5.678247	18.603117
115.2	0.0015000155	5.6782572	18.603203
115.84	0.0015151155	5.6782664	18.603256
116.48	0.001517179	5.6782724	18.603244
117.12	0.0015065026	5.6782711	18.603223
117.76	0.0015150971	5.6782361	18.603134
118.4	0.0014903369	5.6782304	18.603133
119.04	0.0014751353	5.6782228	18.603105
119.68	0.0014645326	5.6782275	18.603109
120.32	0.0014800001	5.678225	18.603144
120.96	0.0014830406	5.6782487	18.603175
121.6	0.0015209393	5.678241	18.603163
122.24	0.0015171298	5.6782668	18.603243
122.88	0.0015153645	5.6782737	18.603247
123.52	0.0015072614	5.6782672	18.603219
124.16	0.0014941009	5.6782518	18.603139
124.8	0.0014864131	5.6782291	18.603135
125.44	0.001480356	5.678215	18.603103
126.08	0.0014789209	5.6782139	18.603093
126.72	0.0014830142	5.6782258	18.603135
127.36	0.0015019435	5.6782351	18.603129
128	0.0014981682	5.6782688	18.603242
128.64	0.0015224203	5.6782644	18.603234
129.28	0.0015181147	5.6782697	18.603214
129.92	0.001504106	5.6782656	18.603236
130.56	0.001495687	5.6782446	18.603165
131.2	0.0014884135	5.6782226	18.603146
131.84	0.0014692361	5.6782241	18.603092
132.48	0.0014824074	5.6782119	18.603113
133.12	0.0014723796	5.6782408	18.603171
133.76	0.0014855996	5.6782571	18.603238
134.4	0.0015241067	5.6782472	18.603144
135.04	0.001522331	5.6782662	18.603221
135.68	0.0015287267	5.6782568	18.603241
136.32	0.0015218499	5.6782434	18.603163
136.96	0.0014914768	5.6782434	18.603162
137.6	0.0014779497	5.6782291	18.603092
138.24	0.0014677327	5.6782246	18.603112
138.88	0.0014667556	5.6782296	18.603169
139.52	0.0014875369	5.6782298	18.603136
140.16	0.0015095394	5.6782387	18.603184
140.8	0.0015149324	5.6782608	18.603218
141.44	0.0015208163	5.6782686	18.603234
142.08	0.0015088191	5.6782749	18.603276
142.72	0.001502185	5.6782583	18.603233
143.36	0.0014912318	5.6782381	18.603172
144	0.0014733965	5.6782296	18.60311
144.64	0.0014736382	5.6782178	18.603106
145.28	0.0014852972	5.6782134	18.60307
145.92	0.0014926646	5.6782295	18.603148
146.56	0.0015144812	5.6782389	18.60317
147.2	0.0015133691	5.6782665	18.603215
147.84	0.0015313277	5.6782586	18.603222
148.48	0.0015067147	5.6782739	18.603222
149.12	0.0015117183	5.6782435	18.603173
149.76	0.0015002211	5.6782241	18.603162
150.4	0.0014744116	5.6782255	18.603113
151.04	0.00147949	5.6782122	18.603067
151.68	0.0014796756	5.678222	18.603111
152.32	0.0014872464	5.6782396	18.603169
152.96	0.0015037096	5.6782547	18.603213
153.6	0.0015176121	5.6782649	18.603214
154.24	0.0015277742	5.6782623	18.603186
154.88	0.0015191661	5.6782584	18.603225
155.52	0.0014898143	5.6782604	18.603181
156.16	0.0014865997	5.6782331	18.603113
156.8	0.0014685523	5.6782283	18.603129
157.44	0.0014731059	5.678218	18.603076
158.08	0.0014809998	5.678224	18.603111
158.72	0.0014930811	5.6782396	18.603156
159.36	0.0015166435	5.6782469	18.603154
160	0.0015165131	5.6782686	18.603267
160.64	0.0015335497	5.6782558	18.603195
161.28	0.0015210137	5.6782528	18.603213
161.92	0.0014939417	5.6782509	18.60319
162.56	0.0014758768	5.6782389	18.603148
163.2	0.0014650752	5.6782296	18.60313
163.84	0.0014818846	5.6782104	18.603085
164.48	0.0014702072	5.6782385	18.60312
165.12	0.0014925285	5.6782451	18.603178
165.76	0.0015138285	5.6782544	18.603232
166.4	0.0015176175	5.67827	18.603224
167.04	0.0015171911	5.6782708	18.603253
167.68	0.0015159527	5.6782538	18.603187
168.32	0.0015000242	5.6782397	18.603168
168.96	0.0014839006	5.6782262	18.603098
169.6	0.0014627545	5.6782303	18.603155
170.24	0.0014687907	5.678225	18.603093
170.88	0.0014745386	5.6782383	18.603151
171.52	0.0015016384	5.6782417	18.603191
172.16	0.0015125589	5.6782596	18.60323
172.8	0.0015270406	5.6782619	18.603201
173.44	0.0015200981	5.6782664	18.603235
174.08	0.0015258307	5.6782398	18.603186
174.72	0.001496444	5.678238	18.603169
175.36	0.0014890609	5.6782168	18.603054
176	0.0014759527	5.6782152	18.603146
176.64	0.0014825784	5.6782133	18.603103
177.28	0.0014943281	5.6782236	18.603111
177.92	0.0014937432	5.6782547	18.603224
178.56	0.0015178578	5.6782586	18.603204
179.2	0.0015100822	5.67828	18.603239
179.84	0.0015188535	5.6782651	18.603199
180.48	0.0014995247	5.678261	18.603214
181.12	0.0014931124	5.6782361	18.603153
181.76	0.0014810418	5.6782215	18.603097
182.4	0.0014809562	5.6782095	18.603052
183.04	0.0014827835	5.6782153	18.603047
183.68	0.0014784121	5.6782439	18.603219
184.32	0.0015036569	5.6782501	18.603236
184.96	0.0015149695	5.6782648	18.603293
185.6	0.0015231614	5.6782676	18.603189
186.24	0.0015141078	5.6782671	18.603278
186.88	0.0014897795	5.6782655	18.603245
187.52	0.0014900451	5.6782341	18.603151
188.16	0.001483961	5.6782154	18.603093
188.8	0.0014724333	5.6782182	18.603076
189.44	0.0014743909	5.6782269	18.603093
190.08	0.0014935263	5.678234	18.603149
190.72	0.0015087934	5.6782496	18.603162
191.36	0.0015165563	5.6782665	18.603247
192	0.0015279859	5.6782623	18.603237
192.64	0.0015133105	5.6782644	18.603169
193.28	0.0014998531	5.6782503	18.603193
193.92	0.001488473	5.6782306	18.603152
194.56	0.0014678766	5.6782288	18.603115
195.2	0.0014691982	5.6782225	18.603103
195.84	0.0014830026	5.6782221	18.603093
196.48	0.0014972008	5.6782354	18.603176
197.12	0.0015029076	5.6782604	18.603234
197.76	0.0015103102	5.6782747	18.603246
198.4	0.001520861	5.6782683	18.603246
199.04	0.0015103276	5.6782635	18.603234
199.68	0.0014976357	5.6782472	18.603164
200.32	0.0014920808	5.6782224	18.603109
200.96	0.0014769326	5.6782179	18.60314
201.6	0.0014666461	5.6782261	18.603092
202.24	0.001479981	5.6782291	18.603121
202.88	0.001485095	5.6782526	18.603197
203.52	0.001516962	5.678251	18.603157
204.16	0.0015134878	5.6782738	18.603221
204.8	0.0015163976	5.6782711	18.603251
205.44	0.0014981876	5.678271	18.60325
206.08	0.0015064177	5.6782335	18.60312
206.72	0.0014726811	5.6782379	18.60319
207.36	0.0014662091	5.6782272	18.603117
208	0.0014615967	5.6782326	18.603097
208.64	0.0014938253	5.6782193	18.603081
209.28	0.0015017628	5.6782412	18.603149
209.92	0.0015153287	5.6782571	18.603213
210.56	0.0015048299	5.6782837	18.603287
211.2	0.0015279187	5.6782579	18.603265
211.84	0.0015079695	5.6782571	18.603193
212.48	0.001494657	5.67824	18.603152
213.12	0.0014669249	5.6782397	18.603144
213.76	0.0014755373	5.6782167	18.603085
214.4	0.0014872372	5.6782093	18.603074
215.04	0.0014862271	5.678231	18.603142
215.68	0.0015026745	5.6782454	18.603184
216.32	0.0015195761	5.6782564	18.603216
216.96	0.0015086857	5.6782811	18.603278
217.6	0.0015117233	5.6782718	18.603215
218.24	0.0015082507	5.6782518	18.603186
218.88	0.0014957928	5.6782334	18.603178
219.52	0.0014754154	5.6782277	18.603153
220.16	0.0014811	5.6782103	18.603066
220.8	0.0014722846	5.6782265	18.603155
221.44	0.0014899873	5.6782328	18.603168
222.08	0.0015109943	5.6782426	18.603102
222.72	0.0015239423	5.6782555	18.603175
223.36	0.0015263757	5.6782631	18.603288
224	0.0015136482	5.6782665	18.603218
224.64	0.001498544	5.6782565	18.603208
225.28	0.0014811867	5.6782433	18.603142
225.92	0.001482544	5.6782181	18.603113
226.56	0.0014776906	5.6782142	18.603088
227.2	0.001475291	5.6782268	18.603106
227.84	0.0014953594	5.6782324	18.603131
228.48	0.0015020263	5.6782565	18.603203
229.12	0.001505843	5.6782765	18.603269
229.76	0.0015194319	5.6782695	18.603241
230.4	0.0015278781	5.6782488	18.603181
231.04	0.0015029969	5.6782466	18.603201
231.68	0.0014764526	5.678243	18.6032
232.32	0.0014829982	5.6782149	18.603093
232.96	0.0014762269	5.6782164	18.603116
233.6	0.0014835008	5.6782226	18.603111
234.24	0.001494424	5.6782384	18.603186
234.88	0.0015247375	5.6782381	18.603112
235.52	0.0015085874	5.6782757	18.603257
236.16	0.0015281107	5.6782601	18.603176
236.8	0.0015067285	5.6782662	18.603258
237.44	0.0014948542	5.6782497	18.603162
238.08	0.0014745353	5.6782404	18.603156
238.72	0.0014740582	5.6782218	18.60308
239.36	0.0014778345	5.6782164	18.603088
240	0.0014866868	5.6782235	18.603123
240.64	0.0015015427	5.6782366	18.603116
241.28	0.0015073538	5.67826	18.603224
241.92	0.0015286335	5.678257	18.603228
242.56	0.0015155885	5.6782708	18.603222
243.2	0.0015172588	5.6782514	18.603208
243.84	0.0014782509	5.6782614	18.603201
244.48	0.0014840203	5.6782272	18.603126
245.12	0.0014837281	5.6782104	18.603043
245.76	0.0014787135	5.6782164	18.60307
246.4	0.0014808226	5.6782332	18.603133
247.04	0.0015039362	5.6782391	18.603129
247.68	0.001508745	5.6782628	18.603236
248.32	0.0015225815	5.6782657	18.603224
248.96	0.0015164698	5.6782692	18.603255
249.6	0.001501848	5.6782628	18.603223
250.24	0.0015013258	5.6782329	18.603188
250.88	0.0014723007	5.6782341	18.603109
251.52	0.0014602524	5.678232	18.603123
252.16	0.0014727997	5.6782242	18.603135
252.8	0.0014869344	5.6782312	18.603112
253.44	0.0014884336	5.6782601	18.603187
254.08	0.0015112665	5.6782646	18.603224
254.72	0.0015200701	5.678269	18.603208
255.36	0.0015171792	5.6782657	18.603238
256	0.0015112398	5.6782483	18.603181
256.64	0.0014871544	5.6782414	18.603164
257.28	0.0014796191	5.6782232	18.603088
257.92	0.0014658043	5.6782263	18.603115
258.56	0.0014869829	5.6782132	18.603113
259.2	0.0014906336	5.6782334	18.603111
259.84	0.0015086894	5.6782457	18.603197
260.48	0.00151245	5.6782669	18.60323
261.12	0.0015133529	5.6782754	18.603312
261.76	0.0015136714	5.6782643	18.603192
262.4	0.0015026259	5.6782493	18.603133
263.04	0.00147937	5.6782414	18.603183
263.68	0.0014685685	5.6782286	18.60313
264.32	0.0014762157	5.6782135	18.603055
264.96	0.0014789107	5.6782225	18.603119
265.6	0.0014911234	5.678237	18.603175
266.24	0.0015004368	5.6782593	18.603205
266.88	0.0015344675	5.6782486	18.603149
267.52	0.0015347975	5.6782539	18.603181
268.16	0.0015214488	5.6782532	18.603186
268.8	0.0014951034	5.6782512	18.603145
269.44	0.0014765213	5.6782391	18.603163
270.08	0.0014769764	5.6782176	18.603099
270.72	0.0014740391	5.6782163	18.603089
271.36	0.0014808806	5.6782246	18.603105
272	0.0015023428	5.6782316	18.603145
272.64	0.0014999607	5.6782644	18.603222
273.28	0.0015222412	5.6782631	18.603223
273.92	0.0015260799	5.6782616	18.603176
274.56	0.0015228121	5.6782478	18.603192
275.2	0.0014985479	5.6782424	18.603196
275.84	0.0014781054	5.6782329	18.603124
276.48	0.001471483	5.6782208	18.603086
277.12	0.0014694725	5.6782226	18.603086
277.76	0.0014925266	5.6782173	18.603062
278.4	0.0014985022	5.6782407	18.603158
279.04	0.0015084031	5.67826	18.603211
279.68	0.0015172359	5.6782695	18.6032
280.32	0.0015231575	5.6782627	18.603234
280.96	0.0015128878	5.6782535	18.60318
281.6	0.0014983606	5.6782374	18.603157
282.24	0.0014675852	5.6782395	18.603141
282.88	0.0014700081	5.6782209	18.603076
283.52	0.0014690429	5.6782244	18.603108
284.16	0.001491532	5.6782224	18.603095
284.8	0.0014982939	5.6782464	18.603193
285.44	0.0015083318	5.6782646	18.603202
286.08	0.0015083618	5.6782798	18.603252
286.72	0.0015121236	5.6782718	18.603264
287.36	0.0015073046	5.6782539	18.603236
288	0.0014949274	5.6782356	18.603144
288.64	0.0014903971	5.6782128	18.603065
289.28	0.0014734692	5.6782163	18.603058
289.92	0.0014743501	5.6782216	18.603086
290.56	0.0014857307	5.6782331	18.603127
291.2	0.0015029515	5.6782465	18.603178
291.84	0.0015108393	5.6782657	18.603233
292.48	0.0015363011	5.6782526	18.603176
293.12	0.0015291874	5.6782522	18.603202
293.76	0.0014917865	5.678265	18.603209
294.4	0.0014907784	5.6782347	18.603115
295.04	0.0014767254	5.6782233	18.603133
295.68	0.0014625843	5.6782271	18.603119
296.32	0.0014732195	5.6782251	18.603102
296.96	0.0014917514	5.6782316	18.603118
297.6	0.0015007835	5.6782541	18.603167
298.24	0.0015347866	5.6782452	18.603186
298.88	0.0015182557	5.6782704	18.603219
299.52	0.0015196407	5.6782586	18.603202
300.16	0.0015085395	5.6782433	18.60316
300.8	0.0014838876	5.6782366	18.603138
301.44	0.0014747199	5.6782223	18.603104
302.08	0.0014734303	5.6782166	18.603126
302.72	0.0014850879	5.678217	18.60308
303.36	0.0014995255	5.6782288	18.603107
304	0.001505001	5.6782546	18.60316
304.64	0.0015101569	5.6782724	18.603252
305.28	0.0015226656	5.6782656	18.60321
305.92	0.0015153421	5.6782591	18.603204
306.56	0.0015039974	5.6782425	18.603151
307.2	0.0014959008	5.6782202	18.603137
307.84	0.0014679089	5.6782265	18.603099
308.48	0.0014833646	5.6782073	18.603013
309.12	0.0014774657	5.678228	18.603172
309.76	0.001486288	5.6782471	18.603203
310.4	0.0015163727	5.6782476	18.603211
311.04	0.001516064	5.6782687	18.603242
311.68	0.0015264291	5.6782615	18.603243
312.32	0.0015185413	5.6782528	18.603158
312.96	0.0014968085	5.678245	18.603171
313.6	0.0014894966	5.6782218	18.603103
314.24	0.0014798823	5.6782125	18.603092
314.88	0.0014651487	5.6782263	18.603108
315.52	0.0014820874	5.6782269	18.603157
316.16	0.0014943441	5.6782443	18.603182
316.8	0.0015093802	5.6782595	18.60316
317.44	0.0015283866	5.6782588	18.603216
318.08	0.0015192745	5.678267	18.603206
318.72	0.0015012713	5.6782651	18.603222
319.36	0.0014930856	5.678243	18.603133
320	0.0014743249	5.6782329	18.603154
320.64	0.0014730397	5.678218	18.60309
321.28	0.001491316	5.6782019	18.603073
321.92	0.0014704142	5.6782431	18.603148
322.56	0.0014934059	5.6782506	18.603175
323.2	0.0015088697	5.6782639	18.6032
323.84	0.0015201149	5.6782681	18.603238
324.48	0.0015273579	5.6782569	18.603193
325.12	0.0015076254	5.6782545	18.603209
325.76	0.001497648	5.6782332	18.603117
326.4	0.0014820958	5.6782211	18.603127
327.04	0.0014725928	5.6782171	18.603092
327.68	0.0014803057	5.6782153	18.603094
328.32	0.0014680464	5.6782501	18.603196
328.96	0.001511204	5.6782381	18.603156
329.6	0.0015055012	5.6782714	18.603238
330.24	0.001519073	5.6782704	18.603244
330.88	0.0015186965	5.6782632	18.603229
331.52	0.0015174887	5.6782396	18.603164
332.16	0.0014924001	5.6782328	18.603189
332.8	0.0014757126	5.678224	18.603066
333.44	0.0014633836	5.678226	18.60313
334.08	0.0014730657	5.678225	18.603115
334.72	0.0014888079	5.6782342	18.60312
335.36	0.0015006374	5.678254	18.603213
336	0.0015195965	5.6782605	18.603223
336.64	0.0015351947	5.6782541	18.603211
337.28	0.0015107533	5.6782678	18.603243
337.92	0.0014955704	5.6782566	18.603218
338.56	0.0014789607	5.6782422	18.60312
339.2	0.0014843215	5.6782125	18.603085
339.84	0.0014740872	5.6782152	18.603091
340.48	0.0014806879	5.6782202	18.603115
341.12	0.0014903496	5.6782376	18.603138
341.76	0.001506833	5.6782527	18.603206
342.4	0.0015235037	5.6782596	18.603193
343.04	0.001512657	5.6782766	18.60325
343.68	0.0015179727	5.6782573	18.603185
344.32	0.0015173565	5.6782294	18.603108
344.96	0.001486906	5.6782289	18.60312
345.6	0.0014561628	5.6782383	18.603171
346.24	0.0014643315	5.6782257	18.603113
346.88	0.0014711502	5.6782338	18.603127
347.52	0.001500173	5.6782334	18.603137
348.16	0.0015107682	5.6782538	18.603165
348.8	0.0015323961	5.6782531	18.60319
349.44	0.0015204018	5.6782672	18.603231
350.08	0.0014994527	5.6782714	18.60322
350.72	0.0014963924	5.6782447	18.60316
351.36	0.0014838337	5.6782276	18.60306
352	0.0014603732	5.6782319	18.603124
352.64	0.0014677047	5.6782235	18.603152
353.28	0.0014894909	5.6782194	18.603065
353.92	0.0014948593	5.6782436	18.603145
354.56	0.0015192399	5.6782501	18.603169
355.2	0.0015161462	5.6782715	18.603256
355.84	0.0015156862	5.6782711	18.603206
356.48	0.0015106048	5.6782562	18.603177
357.12	0.0015004573	5.6782353	18.603159
357.76	0.001477786	5.678229	18.603099
358.4	0.0014723068	5.6782182	18.603081
359.04	0.0014767524	5.6782162	18.603096
359.68	0.0014839658	5.6782296	18.603131
360.32	0.0014975862	5.6782468	18.603149
360.96	0.0015205481	5.6782528	18.603157
361.6	0.0015102814	5.6782783	18.603268
362.24	0.0015179893	5.6782665	18.603215
362.88	0.0015111126	5.6782509	18.603201
363.52	0.0014938211	5.6782366	18.603137
364.16	0.0014839874	5.6782186	18.603101
364.8	0.0014733728	5.6782163	18.603087
365.44	0.0014876566	5.6782078	18.60307
366.08	0.0014778575	5.6782402	18.603109
366.72	0.0015132705	5.6782364	18.603142
367.36	0.0015093796	5.6782677	18.60318
368	0.0015190731	5.6782702	18.603212
368.64	0.0015253105	5.6782562	18.603226
369.28	0.0015078906	5.6782491	18.603196
369.92	0.0014965616	5.6782288	18.603107
370.56	0.0014766141	5.6782225	18.603123
371.2	0.0014695107	5.6782192	18.603124
371.84	0.001465004	5.6782333	18.603137
372.48	0.0014886933	5.6782347	18.603145
373.12	0.0015041398	5.6782509	18.603155
373.76	0.0015206812	5.67826	18.60319
374.4	0.0015357204	5.6782539	18.603174
375.04	0.0015185245	5.6782596	18.603209
375.68	0.0015042637	5.6782471	18.603156
376.32	0.0014917352	5.6782284	18.603124
376.96	0.0014770217	5.6782194	18.603074
377.6	0.0014702387	5.6782192	18.603125
378.24	0.00148396	5.6782176	18.603112
378.88	0.001492925	5.6782357	18.6031
379.52	0.0015034358	5.6782565	18.603194
380.16	0.0015183458	5.6782651	18.603188
380.8	0.001526125	5.6782629	18.603195
381.44	0.0015146728	5.6782605	18.603202
382.08	0.0015017746	5.6782448	18.603144
382.72	0.0014774099	5.6782376	18.603124
383.36	0.0014703885	5.6782231	18.603119
384	0.0014664954	5.6782232	18.603113
384.64	0.0014819175	5.6782232	18.603109
385.28	0.0015025091	5.6782316	18.603104
385.92	0.0015050748	5.67826	18.603217
386.56	0.001518213	5.6782678	18.603202
387.2	0.0015240256	5.6782643	18.603206
387.84	0.0015039311	5.6782667	18.603213
388.48	0.0014868174	5.6782539	18.603177
389.12	0.0014863237	5.6782244	18.603135
389.76	0.0014810528	5.6782106	18.603079
390.4	0.0014761227	5.6782149	18.60305
391.04	0.0014848703	5.6782247	18.603156
391.68	0.0014873623	5.6782521	18.603167
392.32	0.0015035321	5.6782658	18.603255
392.96	0.0015274783	5.67826	18.603227
393.6	0.0015243323	5.6782618	18.603197
394.24	0.0015185288	5.6782476	18.603166
394.88	0.0014974137	5.6782381	18.603126
395.52	0.0014943397	5.6782123	18.603071
396.16	0.0014746729	5.6782156	18.603058
396.8	0.0014719903	5.6782209	18.603108
397.44	0.0014915205	5.6782223	18.603113
398.08	0.0014933255	5.6782514	18.603181
398.72	0.0015221306	5.6782516	18.603228
399.36	0.0015171164	5.6782718	18.603256
400	0.0015280872	5.6782563	18.603202
400.64	0.0015122816	5.6782493	18.603175
401.28	0.0014982772	5.6782317	18.603133
401.92	0.0014698125	5.6782321	18.603105
402.56	0.0014757851	5.6782137	18.603086
403.2	0.0014813026	5.678214	18.603056
403.84	0.0014853773	5.6782333	18.603146
404.48	0.001507959	5.6782424	18.60318
405.12	0.001513642	5.6782638	18.603237
405.76	0.0015055249	5.6782843	18.603246
406.4	0.0015180065	5.6782634	18.603191
407.04	0.0015078563	5.6782487	18.603176
407.68	0.0014759438	5.6782491	18.603201
408.32	0.0014842801	5.6782147	18.603074
408.96	0.0014717288	5.6782171	18.603112
409.6	0.0014776961	5.6782207	18.60309
410.24	0.0014899036	5.6782336	18.603165
410.88	0.0015136433	5.6782415	18.603142
411.52	0.0015095917	5.6782713	18.603244
412.16	0.0015269744	5.6782628	18.603212
412.8	0.0015195646	5.678259	18.603224
413.44	0.0015093449	5.678242	18.603148
414.08	0.0015014116	5.6782181	18.603117
414.72	0.0014801557	5.6782157	18.603075
415.36	0.0014757115	5.6782133	18.603123
416	0.0014725997	5.678229	18.603114
416.64	0.0014887356	5.6782403	18.603168
417.28	0.0014940741	5.6782666	18.603212
417.92	0.0015201018	5.678264	18.603221
418.56	0.001510205	5.6782789	18.603258
419.2	0.0015199507	5.6782545	18.603156
419.84	0.0015056427	5.6782402	18.603116
420.48	0.0014927528	5.6782221	18.603127
421.12	0.0014670414	5.6782263	18.603112
421.76	0.0014645871	5.6782253	18.603129
422.4	0.0014850374	5.6782206	18.603046
423.04	0.0014897792	5.6782447	18.60315
423.68	0.0015071504	5.6782583	18.603247
424.32	0.0015135872	5.6782724	18.603212
424.96	0.0015109613	5.6782771	18.603248
425.6	0.0015173289	5.6782531	18.603187
426.24	0.0015062546	5.6782343	18.603191
426.88	0.0014868107	5.6782235	18.603085
427.52	0.0014656422	5.6782257	18.603103
428.16	0.0014843101	5.6782071	18.603075
428.8	0.0014972802	5.6782122	18.603068
429.44	0.0014977036	5.6782421	18.603136
430.08	0.0015297311	5.6782402	18.603175
430.72	0.0015260817	5.6782618	18.603211
431.36	0.0015197194	5.6782668	18.603241
432	0.0015078563	5.6782581	18.603216
432.64	0.0015087428	5.6782263	18.603095
433.28	0.0014900801	5.6782162	18.603109
433.92	0.0014690195	5.6782212	18.60308
434.56	0.0014643601	5.6782289	18.603079
435.2	0.0014692379	5.6782445	18.603175
435.84	0.0014921232	5.6782527	18.603197
436.48	0.0015182491	5.6782556	18.603195
437.12	0.0015160838	5.6782729	18.603219
437.76	0.0015124711	5.6782716	18.603218
438.4	0.0015128618	5.6782488	18.603193
439.04	0.0014814786	5.6782485	18.603183
439.68	0.0014710216	5.6782312	18.603115
440.32	0.001470502	5.6782187	18.603132
440.96	0.0014745974	5.6782211	18.603096
441.6	0.0014867969	5.6782323	18.603131
442.24	0.0015013685	5.6782493	18.603173
442.88	0.0015158613	5.6782613	18.603238
443.52	0.0015198581	5.6782697	18.603242
444.16	0.0015170953	5.6782644	18.603195
444.8	0.0015081312	5.6782479	18.60316
445.44	0.0014942013	5.6782302	18.603109
446.08	0.0014738991	5.6782249	18.603089
446.72	0.0014743946	5.6782149	18.603083
447.36	0.0014825264	5.6782163	18.603061
448	0.0014858447	5.6782381	18.603151
448.64	0.0015198956	5.6782359	18.603117
449.28	0.0015192509	5.6782616	18.603225
449.92	0.0015137463	5.6782755	18.603288
450.56	0.0015115496	5.6782666	18.603242
451.2	0.0015019554	5.6782492	18.603186
451.84	0.0014849171	5.6782344	18.603124
452.48	0.0014753152	5.6782207	18.60307
453.12	0.0014762454	5.6782129	18.603036
453.76	0.0014714969	5.6782304	18.603087
454.4	0.0014802358	5.6782487	18.603162
455.04	0.0015118021	5.678249	18.603191
455.68	0.0015140513	5.6782699	18.603213
456.32	0.0015311744	5.6782578	18.603226
456.96	0.0015136634	5.6782607	18.603188
457.6	0.0015175224	5.6782283	18.603115
458.24	0.0014802879	5.6782344	18.603133
458.88	0.0014720008	5.6782214	18.603098
459.52	0.0014653009	5.6782248	18.603098
460.16	0.0014688768	5.6782367	18.603178
460.8	0.0014911768	5.6782434	18.603139
461.44	0.0015160332	5.6782494	18.60318
462.08	0.0015224265	5.6782639	18.60322
462.72	0.0015140841	5.6782739	18.603255
463.36	0.0015132909	5.6782569	18.603203
464	0.0015016634	5.6782386	18.603177
464.64	0.001490926	5.6782192	18.603083
465.28	0.00146624	5.678225	18.603093
465.92	0.0014761409	5.6782151	18.603082
466.56	0.0014838597	5.678226	18.603127
467.2	0.001505933	5.678234	18.603103
467.84	0.0015075435	5.6782625	18.6032
468.48	0.0015254401	5.6782628	18.603187
469.12	0.0015086705	5.6782777	18.603256
469.76	0.001508853	5.6782571	18.603215
470.4	0.0015025119	5.6782322	18.603121
471.04	0.0014714664	5.6782339	18.603152
471.68	0.0014677105	5.6782218	18.60311
472.32	0.0014711115	5.678222	18.603093
472.96	0.0014949386	5.6782197	18.603083
473.6	0.0014800298	5.6782655	18.603263
474.24	0.0015255714	5.678249	18.603155
474.88	0.0015256933	5.6782636	18.603207
475.52	0.0015146693	5.6782693	18.60325
476.16	0.0015054824	5.678255	18.603143
476.8	0.0014951361	5.6782342	18.603163
477.44	0.0014843077	5.6782178	18.60304
478.08	0.0014676194	5.6782213	18.603116
478.72	0.0014680753	5.6782274	18.603148
479.36	0.0014853468	5.6782337	18.603123
480	0.0015020528	5.6782488	18.603118
480.64	0.0015264814	5.6782519	18.603201
481.28	0.0015255198	5.6782646	18.603204
481.92	0.001519925	5.6782616	18.603253
482.56	0.0015097223	5.6782463	18.603199
483.2	0.0014853063	5.6782386	18.603134
483.84	0.0014803263	5.6782178	18.603055
484.48	0.0014691148	5.6782196	18.60314
485.12	0.0014795943	5.678219	18.60307
485.76	0.0014783049	5.6782459	18.603163
486.4	0.0014979486	5.6782582	18.603226
487.04	0.0015094401	5.6782721	18.603209
487.68	0.0015144292	5.6782756	18.603229
488.32	0.001527811	5.6782503	18.603207
488.96	0.0014920071	5.6782588	18.603183
489.6	0.001486414	5.6782323	18.603146
490.24	0.0014765037	5.678219	18.603115
490.88	0.0014729648	5.6782156	18.603055
491.52	0.0014775209	5.6782241	18.603109
492.16	0.0014867759	5.6782427	18.603133
492.8	0.0015143196	5.6782467	18.603175
493.44	0.0015197366	5.6782647	18.603238
494.08	0.0015094086	5.6782803	18.603225
494.72	0.0015141241	5.6782606	18.603191
495.36	0.0014989799	5.6782464	18.603196
496	0.0014960392	5.6782179	18.603091
496.64	0.0014784364	5.678214	18.603087
497.28	0.0014806866	5.6782087	18.603105
497.92	0.001486897	5.6782186	18.603079
498.56	0.0014966025	5.6782385	18.603131
499.2	0.0015094253	5.6782568	18.603171
499.84	0.0015169952	5.6782698	18.603225
