0	0.044068506	5.7180516	18.713387
0.64	0.044481994	5.7179223	18.713035
1.28	0.044412533	5.7186918	18.715193
1.92	0.045258125	5.7186617	18.715246
2.56	0.045605453	5.7189249	18.715923
3.2	0.045239136	5.7194729	18.717264
3.84	0.045843891	5.7185332	18.71491
4.48	0.044877146	5.7187752	18.715655
5.12	0.044708479	5.7181382	18.713689
5.76	0.044424807	5.717839	18.712885
6.4	0.044714228	5.7174241	18.711773
7.04	0.044344714	5.7181575	18.713862
7.68	0.044799869	5.7184256	18.714498
8.32	0.045074874	5.7189646	18.715895
8.96	0.045965502	5.7186534	18.715204
9.6	0.045055868	5.7196439	18.717824
10.24	0.045080267	5.7192031	18.71685
10.88	0.044688748	5.7188275	18.715503
11.52	0.044775212	5.7179275	18.71311
12.16	0.044495265	5.717683	18.712479
12.8	0.044228855	5.7179034	18.713132
13.44	0.044275961	5.7183235	18.714199
14.08	0.04502105	5.7183606	18.714327
14.72	0.045204187	5.718983	18.715948
15.36	0.045417574	5.7192623	18.716998
16	0.045561595	5.7191066	18.716472
16.64	0.045219892	5.7189422	18.715813
17.28	0.044868923	5.7184924	18.714797
17.92	0.044347294	5.7182639	18.714234
18.56	0.044063069	5.7180968	18.713533
19.2	0.044552656	5.7176661	18.712517
19.84	0.044599303	5.7181315	18.713589
20.48	0.045181008	5.7183353	18.714314
21.12	0.045440456	5.7188204	18.715659
21.76	0.045331906	5.7193505	18.717034
22.4	0.045293689	5.7192932	18.716825
23.04	0.045104017	5.7188971	18.715707
23.68	0.04487496	5.7183009	18.714234
24.32	0.044051179	5.7184126	18.714674
24.96	0.044322094	5.7177977	18.712571
25.6	0.044398638	5.7178806	18.713276
26.24	0.044660844	5.7182102	18.71404
26.88	0.045287692	5.7183959	18.714484
27.52	0.045004091	5.7193691	18.717074
28.16	0.045501415	5.7191859	18.716704
28.8	0.045054014	5.7194297	18.717323
29.44	0.045887775	5.7179776	18.713198
30.08	0.044589852	5.7184605	18.714677
30.72	0.044599233	5.7177891	18.712565
31.36	0.044281113	5.717852	18.713075
32	0.044648434	5.7177313	18.712499
32.64	0.044845988	5.7181875	18.713929
33.28	0.045268086	5.7185685	18.714699
33.92	0.044945335	5.7195165	18.717404
34.56	0.045628522	5.7190616	18.716464
35.2	0.045249987	5.7191479	18.716493
35.84	0.045044521	5.718659	18.715111
36.48	0.044357323	5.7185363	18.714986
37.12	0.044538476	5.717752	18.712638
37.76	0.044006407	5.7181244	18.713707
38.4	0.044417212	5.718044	18.713575
39.04	0.04503922	5.7181182	18.713495
39.68	0.045338083	5.7186264	18.714925
40.32	0.045491801	5.7190533	18.716153
40.96	0.045387109	5.7192766	18.71656
41.6	0.045682101	5.7185905	18.714914
42.24	0.04510366	5.7184372	18.714789
42.88	0.044668871	5.7180818	18.713658
43.52	0.044659213	5.7175741	18.712483
44.16	0.044454323	5.7177127	18.71231
44.8	0.044534116	5.718057	18.713379
45.44	0.044745631	5.7186023	18.714898
46.08	0.045075307	5.7190495	18.716497
46.72	0.04543296	5.7191984	18.716925
47.36	0.045631088	5.7190231	18.716092
48	0.04530577	5.7188648	18.71595
48.64	0.044874663	5.7185271	18.714934
49.28	0.044385059	5.7182378	18.713821
49.92	0.04433829	5.7178245	18.712921
50.56	0.044046209	5.7181459	18.713788
51.2	0.044712526	5.7179794	18.713427
51.84	0.045066826	5.7184257	18.714437
52.48	0.045271398	5.718975	18.71601
53.12	0.04540063	5.719266	18.716828
53.76	0.045308988	5.7192808	18.716873
54.4	0.045453268	5.7185712	18.714861
55.04	0.044784719	5.7184292	18.714509
55.68	0.044401381	5.7180744	18.713703
56.32	0.044468322	5.7176401	18.712149
56.96	0.044093688	5.7181595	18.713836
57.6	0.044813926	5.7180293	18.71337
58.24	0.045178749	5.7184805	18.714819
58.88	0.045405364	5.7189866	18.715931
59.52	0.04557127	5.7191613	18.716836
60.16	0.045718389	5.7188335	18.715647
60.8	0.044808455	5.7191004	18.716394
61.44	0.04488622	5.7181904	18.714099
62.08	0.044558743	5.7178161	18.71288
62.72	0.043937506	5.7181418	18.713925
63.36	0.044230082	5.7180775	18.713445
64	0.04472094	5.7182496	18.713853
64.64	0.045119785	5.7186911	18.7155
65.28	0.045627556	5.7188615	18.715799
65.92	0.045542207	5.7191894	18.71675
66.56	0.045064675	5.7193875	18.716869
67.2	0.045224417	5.7185325	18.714767
67.84	0.044879034	5.7180269	18.713321
68.48	0.04462413	5.7176354	18.712421
69.12	0.044219069	5.717842	18.712828
69.76	0.044601996	5.7177899	18.71274
70.4	0.044612523	5.7185153	18.714861
71.04	0.045503521	5.7184651	18.71467
71.68	0.045257901	5.7193435	18.716786
72.32	0.045732519	5.7190269	18.715987
72.96	0.045506916	5.7188723	18.715634
73.6	0.04505453	5.7185597	18.714901
74.24	0.044457568	5.7183132	18.71433
74.88	0.044426624	5.7177464	18.71265
75.52	0.044016557	5.7180369	18.713529
76.16	0.044772048	5.7177108	18.712724
76.8	0.044997984	5.7182741	18.714145
77.44	0.044966104	5.7191515	18.716573
78.08	0.045433192	5.719243	18.716767
78.72	0.045508013	5.7192282	18.716808
79.36	0.045299011	5.7189727	18.715886
80	0.045015943	5.7184489	18.714516
80.64	0.044124041	5.7185162	18.714662
81.28	0.044105964	5.7180137	18.713349
81.92	0.044029125	5.7180643	18.713584
82.56	0.04410931	5.7184744	18.714582
83.2	0.044987888	5.718424	18.714313
83.84	0.045123365	5.719105	18.716287
84.48	0.045609941	5.7191089	18.716587
85.12	0.045170781	5.7195137	18.717542
85.76	0.045407593	5.7187421	18.715509
86.4	0.044954046	5.7183551	18.714346
87.04	0.044111574	5.7184097	18.714603
87.68	0.044010536	5.718067	18.713748
88.32	0.04413808	5.7180099	18.713259
88.96	0.044598243	5.7181104	18.713945
89.6	0.044897953	5.7186696	18.715317
90.24	0.045231539	5.7191329	18.716295
90.88	0.045543744	5.7192312	18.71675
91.52	0.045203993	5.7194271	18.71739
92.16	0.045228209	5.7187735	18.715442
92.8	0.044798537	5.7183668	18.714356
93.44	0.044415916	5.7180021	18.713373
94.08	0.043951718	5.7180946	18.71379
94.72	0.044195169	5.7180072	18.713439
95.36	0.044613682	5.7182226	18.714056
96	0.045111366	5.718574	18.714802
96.64	0.045514673	5.7189243	18.715799
97.28	0.045302092	5.7194648	18.717447
97.92	0.04546003	5.7190931	18.716123
98.56	0.045164057	5.7187211	18.715429
99.2	0.044456129	5.7185849	18.715061
99.84	0.04440059	5.7179483	18.713286
100.48	0.044540345	5.7175137	18.71212
101.12	0.044666388	5.7176297	18.712359
101.76	0.044653401	5.7183234	18.714377
102.4	0.045303049	5.7185196	18.714937
103.04	0.045339269	5.7191765	18.716357
103.68	0.045614789	5.7191525	18.716484
104.32	0.045530004	5.7189375	18.716224
104.96	0.044974062	5.7187641	18.715461
105.6	0.044783882	5.718112	18.713669
106.24	0.044554596	5.7177049	18.712543
106.88	0.044171839	5.7178755	18.713063
107.52	0.044280515	5.7180721	18.713557
108.16	0.044829637	5.718261	18.714184
108.8	0.045400862	5.7185615	18.714939
109.44	0.045738323	5.7188602	18.715816
110.08	0.045531132	5.7192148	18.716667
110.72	0.04508087	5.7192954	18.716676
111.36	0.045171672	5.71844	18.714756
112	0.044609243	5.7181802	18.713904
112.64	0.04435475	5.7178516	18.71299
113.28	0.044351594	5.7177404	18.712857
113.92	0.044581483	5.7179054	18.712973
114.56	0.044901752	5.7183253	18.714272
115.2	0.04549119	5.7185784	18.714885
115.84	0.045469709	5.7191698	18.716646
116.48	0.045612901	5.7191067	18.716319
117.12	0.045299983	5.718969	18.715985
117.76	0.04525132	5.7182251	18.714016
118.4	0.044398733	5.7182672	18.714124
119.04	0.044471745	5.7176869	18.712269
119.68	0.044524014	5.7176035	18.712426
120.32	0.04485714	5.7177389	18.712786
120.96	0.0451154	5.7182802	18.714289
121.6	0.045354258	5.7188531	18.715826
122.24	0.045650497	5.7190581	18.716264
122.88	0.045294877	5.7194054	18.717171
123.52	0.04542928	5.7187387	18.715378
124.16	0.044974799	5.7183592	18.714408
124.8	0.044336305	5.7181975	18.714022
125.44	0.043875588	5.7182071	18.714029
126.08	0.04429934	5.717838	18.713165
126.72	0.044450728	5.7182375	18.71396
127.36	0.044571735	5.7189402	18.715859
128	0.045283756	5.7190414	18.716423
128.64	0.045408419	5.7193446	18.716882
129.28	0.045634544	5.7190063	18.716177
129.92	0.044825635	5.7192073	18.716649
130.56	0.044941372	5.7182239	18.713845
131.2	0.04425341	5.7181426	18.713928
131.84	0.043991747	5.7180415	18.713291
132.48	0.04441977	5.7177692	18.712888
133.12	0.044607776	5.7182035	18.713993
133.76	0.044975286	5.7186902	18.715416
134.4	0.045305988	5.7191172	18.716564
135.04	0.045796982	5.718974	18.715784
135.68	0.045757247	5.7188021	18.715486
136.32	0.045417084	5.7184669	18.714766
136.96	0.045198968	5.7178382	18.712784
137.6	0.044379439	5.7179517	18.71312
138.24	0.044029051	5.7180177	18.713429
138.88	0.044227627	5.7180572	18.713304
139.52	0.044576598	5.7183648	18.714482
140.16	0.045125019	5.7186891	18.715344
140.8	0.045282676	5.7192308	18.716733
141.44	0.045406096	5.7193534	18.717258
142.08	0.045404966	5.7190737	18.71616
142.72	0.045327865	5.7184229	18.714816
143.36	0.044837289	5.7180504	18.713389
144	0.044678087	5.7175453	18.71214
144.64	0.044497604	5.7175299	18.711961
145.28	0.044602076	5.7177578	18.712803
145.92	0.044530416	5.7185576	18.714898
146.56	0.04525748	5.7186907	18.715
147.2	0.045643858	5.7189439	18.716132
147.84	0.04573972	5.7189984	18.715979
148.48	0.045510781	5.7188423	18.715645
149.12	0.0451053	5.7184846	18.714726
149.76	0.044177462	5.7185679	18.714824
150.4	0.044137889	5.7180384	18.713289
151.04	0.044173277	5.7178924	18.712985
151.68	0.044685501	5.7177975	18.712804
152.32	0.044869037	5.718389	18.71447
152.96	0.045119155	5.718961	18.715951
153.6	0.045420123	5.7192167	18.71646
154.24	0.045656765	5.7190428	18.716148
154.88	0.045157831	5.7190776	18.716257
155.52	0.044973071	5.718473	18.714443
156.16	0.044577167	5.7180812	18.713551
156.8	0.044199643	5.7179508	18.713197
157.44	0.044246271	5.7178746	18.71311
158.08	0.044618407	5.7179741	18.713391
158.72	0.044547343	5.7188247	18.715302
159.36	0.045427089	5.7187498	18.715418
160	0.045207794	5.7194632	18.717214
160.64	0.045294127	5.7193642	18.717149
161.28	0.045587719	5.7185457	18.714878
161.92	0.045089563	5.7182506	18.713705
162.56	0.044120108	5.7184404	18.714699
163.2	0.044247023	5.7178736	18.713078
163.84	0.04405942	5.7181009	18.713631
164.48	0.044907593	5.7177971	18.712699
165.12	0.044871569	5.7186595	18.715322
165.76	0.045587287	5.7187111	18.715302
166.4	0.045457268	5.7192545	18.716865
167.04	0.04558029	5.7190226	18.716067
167.68	0.04485677	5.719152	18.716413
168.32	0.0450115	5.718168	18.713959
168.96	0.044298641	5.7181323	18.713576
169.6	0.044115249	5.7179511	18.713164
170.24	0.04428775	5.7179402	18.71312
170.88	0.044941146	5.7179005	18.713239
171.52	0.045018595	5.7186518	18.715093
172.16	0.04554536	5.7188549	18.715674
172.8	0.045837016	5.7188997	18.715979
173.44	0.04536332	5.7191666	18.716573
174.08	0.045108026	5.7187738	18.715393
174.72	0.044754482	5.7182965	18.714261
175.36	0.044319334	5.7180466	18.713439
176	0.043980744	5.7181009	18.713686
176.64	0.044663774	5.7176477	18.712362
177.28	0.04474054	5.7182224	18.714033
177.92	0.045049644	5.7187428	18.715367
178.56	0.045634954	5.7188415	18.71563
179.2	0.045606303	5.7191129	18.716304
179.84	0.045654592	5.7187956	18.71565
180.48	0.045123648	5.718627	18.715271
181.12	0.044652661	5.7182704	18.714182
181.76	0.0446897	5.7175735	18.712248
182.4	0.044187648	5.7178641	18.713176
183.04	0.044296695	5.7180846	18.713694
183.68	0.044692107	5.7184159	18.714532
184.32	0.044856714	5.7190677	18.716424
184.96	0.045392607	5.7191619	18.716465
185.6	0.045556086	5.7191632	18.716329
186.24	0.045053184	5.7192975	18.717155
186.88	0.044730979	5.7188882	18.715877
187.52	0.044615947	5.718185	18.713737
188.16	0.044342599	5.7178718	18.712825
188.8	0.043860905	5.7182358	18.714152
189.44	0.044432605	5.7180577	18.713259
190.08	0.04442548	5.7188071	18.715501
190.72	0.045012833	5.7190346	18.716152
191.36	0.045152723	5.7194612	18.717342
192	0.045330482	5.7193544	18.717065
192.64	0.045455751	5.7188087	18.715412
193.28	0.044934929	5.71856	18.714806
193.92	0.044680622	5.7180112	18.713233
194.56	0.044281664	5.7178723	18.712986
195.2	0.044041966	5.7180674	18.713565
195.84	0.044190203	5.7183699	18.714413
196.48	0.044994123	5.7183588	18.714324
197.12	0.04539325	5.718766	18.715431
197.76	0.045592042	5.7190836	18.716244
198.4	0.045462552	5.7192197	18.716725
199.04	0.045258893	5.7189032	18.715757
199.68	0.045318443	5.7180197	18.713424
200.32	0.044413446	5.718137	18.713456
200.96	0.044379585	5.7177167	18.712546
201.6	0.044025885	5.7181234	18.713736
202.24	0.044379756	5.7183152	18.714337
202.88	0.045127306	5.7183979	18.714539
203.52	0.045557652	5.718755	18.715614
204.16	0.045691881	5.719041	18.716241
204.8	0.045286741	5.7193314	18.717049
205.44	0.045318693	5.7187072	18.715332
206.08	0.044765262	5.7184077	18.714406
206.72	0.044566765	5.7178521	18.713026
207.36	0.044457883	5.7176147	18.712305
208	0.044275972	5.7179615	18.713435
208.64	0.044315631	5.718526	18.714901
209.28	0.045025052	5.7186471	18.715189
209.92	0.045198387	5.7192019	18.716705
210.56	0.045631405	5.719097	18.716191
211.2	0.045167819	5.7193448	18.717123
211.84	0.045076675	5.7187858	18.715672
212.48	0.044836119	5.7181938	18.713916
213.12	0.044148169	5.7181912	18.713946
213.76	0.044339808	5.7177386	18.712685
214.4	0.044647773	5.7176732	18.712365
215.04	0.04465105	5.7183365	18.714462
215.68	0.045070382	5.7187429	18.715258
216.32	0.045266704	5.7192148	18.716605
216.96	0.045309116	5.7194142	18.717472
217.6	0.045651888	5.718785	18.715436
218.24	0.045369202	5.7183883	18.714279
218.88	0.044779379	5.7181407	18.7138
219.52	0.044110968	5.7181821	18.713895
220.16	0.044374761	5.7177299	18.712829
220.8	0.044760706	5.7176569	18.712472
221.44	0.045030337	5.7180637	18.713734
222.08	0.045152324	5.7187518	18.715709
222.72	0.045449457	5.7190748	18.716217
223.36	0.045610019	5.7190809	18.71636
224	0.045173961	5.719155	18.716766
224.64	0.044828189	5.7187701	18.715543
225.28	0.0444684	5.7183333	18.714165
225.92	0.044628895	5.7176187	18.71241
226.56	0.044057277	5.7180988	18.713766
227.2	0.044565086	5.7179801	18.713309
227.84	0.045274202	5.7179892	18.713244
228.48	0.045442933	5.7185935	18.715055
229.12	0.045193493	5.7193749	18.716988
229.76	0.045353674	5.7192806	18.716807
230.4	0.045329314	5.7188625	18.715669
231.04	0.045028902	5.7184049	18.714458
231.68	0.044367006	5.7183182	18.714122
232.32	0.044249792	5.7179551	18.713444
232.96	0.04410578	5.7180941	18.713442
233.6	0.044834554	5.7178349	18.712847
234.24	0.044938038	5.7184708	18.714596
234.88	0.045534522	5.7186192	18.715126
235.52	0.045639442	5.7189565	18.715957
236.16	0.045205435	5.7193579	18.717005
236.8	0.045013871	5.7190549	18.716287
237.44	0.044760469	5.7185553	18.714928
238.08	0.044246243	5.718371	18.714228
238.72	0.044270905	5.717935	18.713193
239.36	0.044276303	5.7179954	18.713468
240	0.045058313	5.7177161	18.712471
240.64	0.045047159	5.7184711	18.714663
241.28	0.045221819	5.7189904	18.716164
241.92	0.045516475	5.7190663	18.716107
242.56	0.045558066	5.7189175	18.715818
243.2	0.045124165	5.7188094	18.715524
243.84	0.044698214	5.7185008	18.714503
244.48	0.044455557	5.7180766	18.713847
245.12	0.044211813	5.7179926	18.71332
245.76	0.044209544	5.7181335	18.71368
246.4	0.044642358	5.7182453	18.713886
247.04	0.045042888	5.7186084	18.715037
247.68	0.045597212	5.7187095	18.715569
248.32	0.045615512	5.7189805	18.716192
248.96	0.045715963	5.7186999	18.715356
249.6	0.04500639	5.7188175	18.715506
250.24	0.044920558	5.718142	18.713791
250.88	0.044083113	5.7183463	18.714458
251.52	0.044448805	5.7177365	18.712747
252.16	0.044420176	5.7179946	18.713604
252.8	0.044479718	5.718549	18.714879
253.44	0.044920425	5.7188686	18.715915
254.08	0.045494996	5.718915	18.715989
254.72	0.045583679	5.7190482	18.716307
255.36	0.045356932	5.7189906	18.71604
256	0.044932634	5.7187655	18.715613
256.64	0.044577683	5.7183631	18.714232
257.28	0.044609559	5.7177523	18.712685
257.92	0.044389366	5.7177971	18.712692
258.56	0.044333521	5.718154	18.713703
259.2	0.04486501	5.7182867	18.714191
259.84	0.045014821	5.7188948	18.715994
260.48	0.044941205	5.719539	18.7176
261.12	0.045774782	5.7188377	18.715582
261.76	0.045330012	5.7189328	18.715906
262.4	0.044880175	5.718699	18.715084
263.04	0.044688472	5.7181222	18.713794
263.68	0.044596323	5.7176836	18.712626
264.32	0.044530784	5.7176473	18.712485
264.96	0.044285335	5.7182633	18.714081
265.6	0.044561525	5.7187052	18.715253
266.24	0.045533361	5.7185138	18.71485
266.88	0.045516567	5.7190504	18.716226
267.52	0.045328395	5.7192933	18.716979
268.16	0.045323152	5.7188762	18.715861
268.8	0.04460828	5.7188477	18.715713
269.44	0.044390612	5.7183102	18.714206
270.08	0.044560173	5.7176518	18.712541
270.72	0.044540452	5.7176542	18.712369
271.36	0.044688181	5.717947	18.712987
272	0.04483774	5.7185528	18.714964
272.64	0.045157611	5.7189847	18.716115
273.28	0.045898086	5.7187026	18.715277
273.92	0.045602114	5.7189789	18.716091
274.56	0.045672786	5.7184121	18.714366
275.2	0.044716539	5.7186216	18.714913
275.84	0.044365151	5.7182399	18.714042
276.48	0.044283909	5.7179036	18.713038
277.12	0.044250202	5.7179978	18.713217
277.76	0.044579237	5.7181828	18.713755
278.4	0.044740098	5.7187951	18.715319
279.04	0.04530073	5.7189646	18.715979
279.68	0.045726876	5.7189379	18.715975
280.32	0.045746686	5.7188142	18.715588
280.96	0.04486836	5.7191222	18.716247
281.6	0.044798956	5.7183805	18.714392
282.24	0.044323213	5.7181539	18.713492
282.88	0.044271875	5.7178774	18.712933
283.52	0.044282748	5.7180228	18.713513
284.16	0.044456484	5.7184298	18.714634
284.8	0.045362696	5.7183146	18.714395
285.44	0.04553935	5.7188161	18.715558
286.08	0.045217882	5.719442	18.717314
286.72	0.045360724	5.7191004	18.716177
287.36	0.045405807	5.7184324	18.714458
288	0.044620167	5.7184146	18.714371
288.64	0.044681625	5.7176958	18.712674
289.28	0.043933116	5.7181815	18.713868
289.92	0.044056697	5.7183091	18.714176
290.56	0.044808109	5.7182074	18.714072
291.2	0.045181002	5.7186351	18.715206
291.84	0.045289079	5.7191665	18.716686
292.48	0.04496321	5.7196997	18.717912
293.12	0.045292136	5.7190746	18.716455
293.76	0.044725874	5.7189544	18.715784
294.4	0.044644608	5.7182505	18.714093
295.04	0.044463153	5.7178339	18.713036
295.68	0.044189812	5.7179352	18.713222
296.32	0.044411276	5.7180329	18.713411
296.96	0.044981277	5.7181548	18.713802
297.6	0.045299844	5.718631	18.714982
298.24	0.04536321	5.7191607	18.716537
298.88	0.045300642	5.7193722	18.717232
299.52	0.04549417	5.718806	18.715577
300.16	0.045231772	5.7183273	18.714022
300.8	0.044636654	5.7181369	18.713731
301.44	0.044330592	5.7178953	18.713071
302.08	0.044318072	5.7178254	18.71279
302.72	0.044638082	5.7179034	18.712895
303.36	0.044726292	5.7185422	18.714826
304	0.044959163	5.719089	18.716372
304.64	0.045350106	5.7192271	18.716757
305.28	0.045435808	5.7192031	18.716622
305.92	0.045390689	5.7188207	18.715627
306.56	0.044561868	5.7189008	18.716087
307.2	0.044691637	5.7179975	18.71363
307.84	0.044307779	5.7178826	18.712856
308.48	0.044313681	5.7178556	18.713022
309.12	0.044442731	5.7181855	18.713808
309.76	0.04450549	5.7188811	18.716041
310.4	0.045159679	5.7190009	18.715955
311.04	0.045417017	5.7192303	18.71676
311.68	0.045618723	5.7190096	18.716128
312.32	0.045442306	5.7186736	18.715206
312.96	0.045092651	5.7182448	18.713834
313.6	0.04440963	5.7181833	18.713909
314.24	0.044211181	5.7179446	18.713239
314.88	0.044614908	5.7176027	18.712435
315.52	0.044538056	5.7181936	18.713689
316.16	0.045109466	5.7184122	18.714379
316.8	0.045587072	5.7186682	18.715075
317.44	0.045901448	5.7187544	18.715351
318.08	0.045720498	5.718842	18.715674
318.72	0.045385624	5.7186174	18.715134
319.36	0.044570565	5.7186302	18.715042
320	0.044181912	5.7182959	18.714252
320.64	0.044410056	5.7177244	18.712855
321.28	0.044118312	5.7181594	18.713545
321.92	0.044466714	5.7184017	18.714286
322.56	0.045026008	5.7186465	18.715273
323.2	0.045039072	5.719334	18.717015
323.84	0.045736975	5.7189364	18.716026
324.48	0.045474642	5.7190014	18.716031
325.12	0.044843478	5.719008	18.71609
325.76	0.044702261	5.7183421	18.71439
326.4	0.044716126	5.7176607	18.712604
327.04	0.0446459	5.7174545	18.711985
327.68	0.044199008	5.7181542	18.713842
328.32	0.044861712	5.7181521	18.713711
328.96	0.044877864	5.7189601	18.716115
329.6	0.045484887	5.7189939	18.715924
330.24	0.045654629	5.7190427	18.716394
330.88	0.0457414	5.7186598	18.714961
331.52	0.045309218	5.7183987	18.714699
332.16	0.044729523	5.7181572	18.713904
332.8	0.044346252	5.7179181	18.713095
333.44	0.044339344	5.7177494	18.712518
334.08	0.044326263	5.7181066	18.713526
334.72	0.044584094	5.7185679	18.714945
335.36	0.044984141	5.7189789	18.71613
336	0.045375248	5.7191764	18.7166
336.64	0.045513111	5.7191484	18.716357
337.28	0.045490424	5.7187846	18.715772
337.92	0.045155138	5.7183783	18.714404
338.56	0.044397279	5.7183462	18.714286
339.2	0.044189961	5.7180099	18.713302
339.84	0.044356436	5.7177675	18.712505
340.48	0.044317353	5.7182258	18.713834
341.12	0.044659298	5.7186536	18.715142
341.76	0.045247494	5.7188764	18.715759
342.4	0.045459991	5.7191914	18.716417
343.04	0.045149057	5.7195073	18.71723
343.68	0.045180451	5.718986	18.716332
344.32	0.044861934	5.7185061	18.714592
344.96	0.04437964	5.7182	18.7139
345.6	0.04392878	5.7181716	18.713794
346.24	0.044331155	5.7177918	18.712965
346.88	0.044347334	5.7182927	18.71423
347.52	0.045098407	5.7183812	18.714398
348.16	0.045057836	5.7192161	18.716711
348.8	0.045390055	5.7193335	18.716953
349.44	0.045596722	5.7190573	18.716418
350.08	0.045357498	5.7187286	18.71506
350.72	0.044652588	5.7185968	18.714924
351.36	0.044457389	5.7180269	18.713454
352	0.044274246	5.7177958	18.712985
352.64	0.044372222	5.7178002	18.712532
353.28	0.044423209	5.7183282	18.714312
353.92	0.045107857	5.7184982	18.71481
354.56	0.045778015	5.71861	18.71513
355.2	0.04519094	5.7195629	18.717871
355.84	0.045514769	5.7190727	18.716301
356.48	0.045449735	5.7184961	18.715012
357.12	0.044706662	5.7183798	18.714408
357.76	0.044708644	5.7176572	18.712166
358.4	0.044491495	5.7175541	18.712008
359.04	0.044437241	5.7178024	18.712779
359.68	0.044541153	5.7183431	18.714318
360.32	0.044942493	5.7188034	18.715348
360.96	0.045561018	5.718924	18.715918
361.6	0.045716265	5.7190581	18.71628
362.24	0.045512575	5.7189942	18.716043
362.88	0.045092805	5.7186992	18.715342
363.52	0.044426739	5.7185043	18.714877
364.16	0.044405004	5.7178573	18.712952
364.8	0.044501434	5.7175458	18.712122
365.44	0.044643356	5.7177048	18.712639
366.08	0.044725569	5.7183326	18.714134
366.72	0.044941489	5.7189511	18.715962
367.36	0.045155726	5.7193822	18.71713
368	0.045831443	5.7189037	18.716066
368.64	0.045159475	5.7192313	18.716668
369.28	0.045012094	5.7186338	18.715205
369.92	0.044586363	5.7182391	18.714049
370.56	0.044284453	5.7179469	18.713122
371.2	0.044288606	5.7178016	18.712846
371.84	0.044270014	5.7181976	18.714074
372.48	0.04474003	5.7184676	18.714778
373.12	0.045326522	5.718693	18.715365
373.76	0.045624997	5.7189692	18.715916
374.4	0.04579271	5.7188988	18.716036
375.04	0.045216572	5.7190409	18.716124
375.68	0.044519376	5.7189649	18.715958
376.32	0.04465	5.7180349	18.713414
376.96	0.04399222	5.7181635	18.713674
377.6	0.04398023	5.7181345	18.71385
378.24	0.044518467	5.7180656	18.713534
378.88	0.044735612	5.7186309	18.715004
379.52	0.045417754	5.7187471	18.715349
380.16	0.045524688	5.7191355	18.716306
380.8	0.045481105	5.719172	18.716807
381.44	0.045401985	5.718749	18.715464
382.08	0.04524255	5.7181123	18.713433
382.72	0.044580518	5.7180003	18.713291
383.36	0.043962204	5.7181597	18.713665
384	0.044461194	5.7176971	18.712366
384.64	0.045181917	5.7175006	18.712023
385.28	0.045311426	5.7181821	18.713808
385.92	0.045415691	5.7188443	18.715627
386.56	0.045342488	5.7193356	18.717076
387.2	0.045535389	5.7190634	18.716331
387.84	0.045165928	5.7188656	18.715919
388.48	0.044700678	5.7185045	18.714714
389.12	0.043890487	5.7185573	18.714786
389.76	0.044604254	5.7174775	18.711915
390.4	0.04442514	5.7177916	18.712838
391.04	0.044590695	5.7182196	18.714008
391.68	0.04511844	5.7185197	18.714675
392.32	0.045922816	5.7184577	18.714597
392.96	0.045718211	5.7190088	18.716239
393.6	0.045745353	5.718785	18.71545
394.24	0.044816191	5.7190825	18.716415
394.88	0.044669007	5.7184048	18.714359
395.52	0.044494887	5.7178805	18.712947
396.16	0.044274781	5.7177968	18.712887
396.8	0.044321777	5.7179649	18.713136
397.44	0.044771796	5.7181668	18.713567
398.08	0.044889714	5.7188881	18.71582
398.72	0.045585058	5.7188941	18.715942
399.36	0.045358431	5.7193788	18.716899
400	0.045647753	5.7188011	18.715573
400.64	0.045043573	5.7186928	18.715198
401.28	0.044867033	5.7180573	18.713606
401.92	0.044195585	5.718095	18.71362
402.56	0.044209634	5.7178777	18.713066
403.2	0.044609051	5.7177985	18.712841
403.84	0.044836435	5.7182729	18.714024
404.48	0.04544863	5.7184829	18.714658
405.12	0.045469723	5.7190972	18.716389
405.76	0.045190337	5.7195049	18.717361
406.4	0.045248122	5.7190684	18.716286
407.04	0.045058862	5.7185297	18.714835
407.68	0.044627111	5.7181499	18.71368
408.32	0.044132613	5.7180766	18.713539
408.96	0.044026516	5.7180906	18.713613
409.6	0.044321628	5.7182021	18.714003
410.24	0.04491638	5.718353	18.71425
410.88	0.045644016	5.7184445	18.71451
411.52	0.045729935	5.7188999	18.715621
412.16	0.045099221	5.7195777	18.717748
412.8	0.045362825	5.7188424	18.715697
413.44	0.045083097	5.7183389	18.714261
414.08	0.044634058	5.7180186	18.713562
414.72	0.043982094	5.7182094	18.714044
415.36	0.044606356	5.7175875	18.712282
416	0.044411507	5.7182289	18.714044
416.64	0.045076572	5.7183386	18.714184
417.28	0.045719886	5.7184679	18.714894
417.92	0.045284576	5.7193466	18.717016
418.56	0.045350395	5.71923	18.716992
419.2	0.045532768	5.7185315	18.714648
419.84	0.044916658	5.7183701	18.714118
420.48	0.044723369	5.717834	18.712759
421.12	0.044165668	5.7180041	18.713471
421.76	0.044140748	5.7181106	18.713537
422.4	0.044915824	5.7178754	18.712948
423.04	0.044788694	5.7187809	18.715588
423.68	0.044912604	5.7193786	18.717036
424.32	0.045315044	5.7193392	18.717166
424.96	0.04520308	5.7193122	18.716924
425.6	0.045201391	5.7187222	18.715377
426.24	0.044638565	5.7184942	18.714765
426.88	0.044519544	5.7179356	18.713037
427.52	0.044300441	5.7178488	18.712802
428.16	0.044660782	5.7176803	18.712506
428.8	0.044819731	5.7181253	18.713754
429.44	0.045111843	5.7186285	18.715062
430.08	0.045401124	5.7189835	18.716251
430.72	0.045825908	5.7188159	18.715425
431.36	0.045268876	5.71913	18.716639
432	0.045131002	5.7186322	18.715092
432.64	0.044911738	5.7180779	18.713589
433.28	0.044330113	5.7180504	18.713464
433.92	0.044301359	5.7178717	18.712922
434.56	0.044471206	5.717982	18.713418
435.2	0.044550989	5.718547	18.714716
435.84	0.045138646	5.7187294	18.715474
436.48	0.045610259	5.7188358	18.715708
437.12	0.045588273	5.7190278	18.716054
437.76	0.045364912	5.718931	18.715769
438.4	0.045139216	5.718474	18.714855
439.04	0.044482197	5.7183822	18.714238
439.68	0.044496048	5.7178342	18.713086
440.32	0.044203147	5.7179935	18.713175
440.96	0.044731757	5.7178229	18.712786
441.6	0.044737836	5.718502	18.714735
442.24	0.044994704	5.7190029	18.716085
442.88	0.045212271	5.7193043	18.717069
443.52	0.045460973	5.7191285	18.716631
444.16	0.045106168	5.7190871	18.716282
444.8	0.045034147	5.718445	18.714487
445.44	0.044910739	5.7178283	18.713038
446.08	0.044384002	5.7178732	18.713138
446.72	0.044462004	5.7177648	18.712758
447.36	0.044561729	5.718076	18.7134
448	0.044713966	5.7186487	18.715188
448.64	0.045311364	5.7187972	18.715532
449.28	0.045477866	5.719104	18.716307
449.92	0.045404934	5.7191713	18.716439
450.56	0.045327802	5.7187641	18.715705
451.2	0.045065117	5.7182747	18.71397
451.84	0.044357367	5.7182488	18.714112
452.48	0.04398759	5.7181913	18.71389
453.12	0.044343256	5.7178934	18.712951
453.76	0.044618465	5.7181368	18.713573
454.4	0.044932047	5.7185859	18.715069
455.04	0.045094096	5.7191403	18.716459
455.68	0.045547784	5.7190772	18.716255
456.32	0.045293941	5.7192293	18.716755
456.96	0.0450456	5.7189153	18.715979
457.6	0.044087716	5.719087	18.716457
458.24	0.044645301	5.7178512	18.713085
458.88	0.044181309	5.7179821	18.713223
459.52	0.044523644	5.7177889	18.712682
460.16	0.044591556	5.7182945	18.713884
460.8	0.045249756	5.7184043	18.714529
461.44	0.045743515	5.7186024	18.714917
462.08	0.045464857	5.7191813	18.716508
462.72	0.045388611	5.7190622	18.716266
463.36	0.045244796	5.7185794	18.714804
464	0.044585826	5.7184646	18.714801
464.64	0.044374737	5.7180409	18.713491
465.28	0.04418902	5.7179742	18.713396
465.92	0.044450336	5.7179514	18.713259
466.56	0.044924288	5.7180894	18.713638
467.2	0.045074171	5.7187142	18.715274
467.84	0.045454147	5.7189569	18.715794
468.48	0.045357845	5.7192774	18.716655
469.12	0.04536775	5.7189868	18.716152
469.76	0.045327024	5.71837	18.714388
470.4	0.044480693	5.7184419	18.714495
471.04	0.044470866	5.71787	18.713044
471.68	0.044277175	5.717887	18.712996
472.32	0.044688197	5.717779	18.712871
472.96	0.044737557	5.7184071	18.714379
473.6	0.045088119	5.7188298	18.715619
474.24	0.045140931	5.7193398	18.717223
474.88	0.0456544	5.7189724	18.715989
475.52	0.045618695	5.7186479	18.715143
476.16	0.044670055	5.718894	18.715944
476.8	0.044298836	5.7185059	18.714861
477.44	0.04456798	5.7177113	18.712382
478.08	0.044290472	5.7179025	18.712972
478.72	0.044894429	5.7176969	18.712679
479.36	0.044498873	5.718801	18.715536
480	0.045343379	5.718718	18.715419
480.64	0.045475869	5.7190982	18.716426
481.28	0.045369128	5.7192378	18.716775
481.92	0.045401825	5.7187643	18.715448
482.56	0.044876728	5.7185346	18.714609
483.2	0.044592529	5.7180607	18.713463
483.84	0.044647359	5.7175617	18.712093
484.48	0.044264965	5.7179366	18.713202
485.12	0.044634601	5.718034	18.713427
485.76	0.045217917	5.7182149	18.714136
486.4	0.045046428	5.7191268	18.716303
487.04	0.045579934	5.7190426	18.716331
487.68	0.045612912	5.7189575	18.716125
488.32	0.045081175	5.7189783	18.716083
488.96	0.044735465	5.7185495	18.714726
489.6	0.04456271	5.7180065	18.713737
490.24	0.044231626	5.7179462	18.713177
490.88	0.044314673	5.7179563	18.71328
491.52	0.044703413	5.7180928	18.713467
492.16	0.044746597	5.7188155	18.715477
492.8	0.045096532	5.7191635	18.716495
493.44	0.045327959	5.7192871	18.717011
494.08	0.045442318	5.7190433	18.716219
494.72	0.045314527	5.718618	18.714936
495.36	0.044566615	5.7185806	18.714979
496	0.044869175	5.7176238	18.712373
496.64	0.044023273	5.718139	18.713627
497.28	0.044593326	5.7177396	18.712589
497.92	0.044338254	5.71858	18.714704
498.56	0.045037186	5.7186625	18.715115
499.2	0.045240168	5.7191112	18.71628
499.84	0.045648473	5.7189748	18.715876
